  0.10000000000000001        ,  -0.20468343765563218     
  0.20000000000000001        ,   -5.1040188456616495E-002
  0.29999999999999999        ,   -2.2608950814029478E-002
  0.40000000000000002        ,   -1.2668282594702533E-002
  0.50000000000000000        ,   -8.0730504276603499E-003
  0.59999999999999998        ,   -5.5805986683461935E-003
  0.69999999999999996        ,   -4.0802547182087418E-003
  0.79999999999999993        ,   -3.1082736217322043E-003
  0.89999999999999991        ,   -2.4432179381761159E-003
  0.99999999999999989        ,   -1.9685217369509365E-003
   1.0999999999999999        ,   -1.6180914566967359E-003
   1.2000000000000000        ,   -1.3521900090711486E-003
   1.3000000000000000        ,   -1.1457653792092109E-003
   1.4000000000000001        ,   -9.8239152897596112E-004
   1.5000000000000002        ,   -8.5093680744065421E-004
   1.6000000000000003        ,   -7.4364199950399993E-004
   1.7000000000000004        ,   -6.5496548184543148E-004
   1.8000000000000005        ,   -5.8086457954906396E-004
   1.9000000000000006        ,   -5.1833453989543355E-004
   2.0000000000000004        ,   -4.6510476403393078E-004
   2.1000000000000005        ,   -4.1943386587214144E-004
   2.2000000000000006        ,   -3.7996846053430975E-004
   2.3000000000000007        ,   -3.4564400715689426E-004
   2.4000000000000008        ,   -3.1561398350650021E-004
   2.5000000000000009        ,   -2.8919850828849138E-004
   2.6000000000000010        ,   -2.6584654180877929E-004
   2.7000000000000011        ,   -2.4510771529710795E-004
   2.8000000000000012        ,   -2.2661108587877039E-004
   2.9000000000000012        ,   -2.1004893856622521E-004
   3.0000000000000013        ,   -1.9516431089651977E-004
   3.1000000000000014        ,   -1.8174129422184163E-004
   3.2000000000000015        ,   -1.6959742765593861E-004
   3.3000000000000016        ,   -1.5857768448358924E-004
   3.4000000000000017        ,   -1.4854968137365085E-004
   3.5000000000000018        ,   -1.3939983449901133E-004
   3.6000000000000014        ,   -1.3103025473820416E-004
   3.7000000000000015        ,   -1.2335622404842947E-004
   3.8000000000000016        ,   -1.1630413204553072E-004
   3.9000000000000017        ,   -1.0980977941501086E-004
   4.0000000000000018        ,   -1.0381697555109342E-004
   4.1000000000000023        ,   -9.8276373585150979E-005
   4.2000000000000020        ,   -9.3144498017281170E-005
   4.3000000000000025        ,   -8.8382929444252026E-005
   4.4000000000000021        ,   -8.3957618069431880E-005
   4.5000000000000027        ,   -7.9838303290320420E-005
   4.6000000000000023        ,   -7.5998021061539163E-005
   4.7000000000000020        ,   -7.2412684205560627E-005
   4.8000000000000025        ,   -6.9060723600494403E-005
   4.9000000000000021        ,   -6.5922780373641599E-005
   5.0000000000000027        ,   -6.2981440992695905E-005
   5.1000000000000023        ,   -6.0221008566787360E-005
   5.2000000000000028        ,   -5.7627304818889133E-005
   5.3000000000000025        ,   -5.5187498125212734E-005
   5.4000000000000030        ,   -5.2889953779674260E-005
   5.5000000000000027        ,   -5.0724103266240656E-005
   5.6000000000000032        ,   -4.8680329835991983E-005
   5.7000000000000028        ,   -4.6749868110101459E-005
   5.8000000000000034        ,   -4.4924715781663357E-005
   5.9000000000000030        ,   -4.3197555781723541E-005
   6.0000000000000036        ,   -4.1561687518892082E-005
   6.1000000000000032        ,   -4.0010966006122673E-005
   6.2000000000000037        ,   -3.8539747859733700E-005
   6.3000000000000034        ,   -3.7142843300114280E-005
   6.4000000000000039        ,   -3.5815473405520766E-005
   6.5000000000000036        ,   -3.4553231973640552E-005
   6.6000000000000041        ,   -3.3352051433292089E-005
   6.7000000000000037        ,   -3.2208172323302343E-005
   6.8000000000000034        ,   -3.1118115919341220E-005
   6.9000000000000039        ,   -3.0078659644009326E-005
   7.0000000000000036        ,   -2.9086814942268693E-005
   7.1000000000000041        ,   -2.8139807344493159E-005
   7.2000000000000037        ,   -2.7235058474079598E-005
   7.3000000000000043        ,   -2.6370169786452262E-005
   7.4000000000000039        ,   -2.5542907852192399E-005
   7.5000000000000044        ,   -2.4751191019457624E-005
   7.6000000000000032        ,   -2.3993077310355887E-005
   7.7000000000000028        ,   -2.3266753422904926E-005
   7.8000000000000016        ,   -2.2570524725014950E-005
   7.9000000000000012        ,   -2.1902806139856818E-005
   8.0000000000000000        ,   -2.1262113833298857E-005
   8.0999999999999996        ,   -2.0647057624018110E-005
   8.1999999999999993        ,   -2.0056334045602830E-005
   8.2999999999999989        ,   -1.9488719997633190E-005
   8.3999999999999968        ,   -1.8943066929480839E-005
   8.4999999999999964        ,   -1.8418295506526420E-005
   8.5999999999999961        ,   -1.7913390713764957E-005
   8.6999999999999957        ,   -1.7427397356431671E-005
   8.7999999999999936        ,   -1.6959415921413587E-005
   8.8999999999999932        ,   -1.6508598766882351E-005
   8.9999999999999929        ,   -1.6074146610845072E-005
   9.0999999999999925        ,   -1.5655305292212902E-005
   9.1999999999999922        ,   -1.5251362780577924E-005
   9.2999999999999901        ,   -1.4861646413192198E-005
   9.3999999999999897        ,   -1.4485520339712540E-005
   9.4999999999999893        ,   -1.4122383157117789E-005
   9.5999999999999890        ,   -1.3771665718859569E-005
   9.6999999999999869        ,   -1.3432829103791354E-005
   9.7999999999999865        ,   -1.3105362731751378E-005
   9.8999999999999861        ,   -1.2788782613873604E-005
   9.9999999999999858        ,   -1.2482629726775181E-005
   10.099999999999985        ,   -1.2186468500743786E-005
   10.199999999999983        ,   -1.1899885412917372E-005
   10.299999999999983        ,   -1.1622487677244809E-005
   10.399999999999983        ,   -1.1353902023724587E-005
   10.499999999999982        ,   -1.1093773560068757E-005
   10.599999999999980        ,   -1.0841764709520846E-005
   10.699999999999980        ,   -1.0597554219087548E-005
   10.799999999999979        ,   -1.0360836232925083E-005
   10.899999999999979        ,   -1.0131319426057074E-005
   10.999999999999977        ,   -9.9087261939973501E-006
   11.099999999999977        ,   -9.6927918942126182E-006
   11.199999999999976        ,   -9.4832641356872931E-006
   11.299999999999976        ,   -9.2799021131538062E-006
   11.399999999999975        ,   -9.0824759828231451E-006
   11.499999999999973        ,   -8.8907662767003630E-006
   11.599999999999973        ,   -8.7045633527969831E-006
   11.699999999999973        ,   -8.5236668787614070E-006
   11.799999999999972        ,   -8.3478853466370045E-006
   11.899999999999970        ,   -8.1770356166336266E-006
   11.999999999999970        ,   -8.0109424879566817E-006
   12.099999999999969        ,   -7.8494382948856525E-006
   12.199999999999969        ,   -7.6923625264270758E-006
   12.299999999999969        ,   -7.5395614679912690E-006
   12.399999999999967        ,   -7.3908878636556471E-006
   12.499999999999966        ,   -7.2462005976804636E-006
   12.599999999999966        ,   -7.1053643940408600E-006
   12.699999999999966        ,   -6.9682495328257768E-006
   12.799999999999963        ,   -6.8347315824365180E-006
   12.899999999999963        ,   -6.7046911465924362E-006
   12.999999999999963        ,   -6.5780136252213832E-006
   13.099999999999962        ,   -6.4545889883752037E-006
   13.199999999999960        ,   -6.3343115623708428E-006
   13.299999999999960        ,   -6.2170798274114309E-006
   13.399999999999959        ,   -6.1027962259928620E-006
   13.499999999999959        ,   -5.9913669814477445E-006
   13.599999999999959        ,   -5.8827019260219433E-006
   13.699999999999957        ,   -5.7767143379191213E-006
   13.799999999999956        ,   -5.6733207867859959E-006
   13.899999999999956        ,   -5.5724409871451687E-006
   13.999999999999956        ,   -5.4739976593149858E-006
   14.099999999999953        ,   -5.3779163973846418E-006
   14.199999999999953        ,   -5.2841255438417889E-006
   14.299999999999953        ,   -5.1925560704738998E-006
   14.399999999999952        ,   -5.1031414651900211E-006
   14.499999999999952        ,   -5.0158176244307627E-006
   14.599999999999950        ,   -4.9305227508556432E-006
   14.699999999999950        ,   -4.8471972560155449E-006
   14.799999999999949        ,   -4.7657836677370274E-006
   14.899999999999949        ,   -4.6862265419606893E-006
   14.999999999999948        ,   -4.6084723787923489E-006
   15.099999999999950        ,   -4.5324695425401767E-006
   15.199999999999951        ,   -4.4581681855239348E-006
   15.299999999999951        ,   -4.3855201754563108E-006
   15.399999999999952        ,   -4.3144790262069825E-006
   15.499999999999954        ,   -4.2449998317719324E-006
   15.599999999999955        ,   -4.1770392032809083E-006
   15.699999999999955        ,   -4.1105552088850235E-006
   15.799999999999956        ,   -4.0455073163762160E-006
   15.899999999999958        ,   -3.9818563383987117E-006
   15.999999999999957        ,   -3.9195643801201615E-006
   16.099999999999959        ,   -3.8585947892382740E-006
   16.199999999999960        ,   -3.7989121082051002E-006
   16.299999999999962        ,   -3.7404820285582401E-006
   16.399999999999963        ,   -3.6832713472542478E-006
   16.499999999999961        ,   -3.6272479249050204E-006
   16.599999999999962        ,   -3.5723806458239245E-006
   16.699999999999964        ,   -3.5186393797931116E-006
   16.799999999999965        ,   -3.4659949454683340E-006
   16.899999999999967        ,   -3.4144190753424310E-006
   16.999999999999968        ,   -3.3638843821922837E-006
   17.099999999999969        ,   -3.3143643269387780E-006
   17.199999999999967        ,   -3.2658331878524103E-006
   17.299999999999969        ,   -3.2182660310411314E-006
   17.399999999999970        ,   -3.1716386821602067E-006
   17.499999999999972        ,   -3.1259276992870830E-006
   17.599999999999973        ,   -3.0811103469069877E-006
   17.699999999999974        ,   -3.0371645709582877E-006
   17.799999999999976        ,   -2.9940689748885919E-006
   17.899999999999974        ,   -2.9518027966757233E-006
   17.999999999999975        ,   -2.9103458867694957E-006
   18.099999999999977        ,   -2.8696786869129035E-006
   18.199999999999978        ,   -2.8297822098029870E-006
   18.299999999999979        ,   -2.7906380195539477E-006
   18.399999999999981        ,   -2.7522282129268327E-006
   18.499999999999979        ,   -2.7145354012919354E-006
   18.599999999999980        ,   -2.6775426932914631E-006
   18.699999999999982        ,   -2.6412336781719894E-006
   18.799999999999983        ,   -2.6055924097575668E-006
   18.899999999999984        ,   -2.5706033910354582E-006
   18.999999999999986        ,   -2.5362515593284941E-006
   19.099999999999987        ,   -2.5025222720284180E-006
   19.199999999999985        ,   -2.4694012928667405E-006
   19.299999999999986        ,   -2.4368747786999360E-006
   19.399999999999988        ,   -2.4049292667874197E-006
   19.499999999999989        ,   -2.3735516625414787E-006
   19.599999999999991        ,   -2.3427292277296196E-006
   19.699999999999992        ,   -2.3124495691102937E-006
   19.799999999999994        ,   -2.2827006274840480E-006
   19.899999999999991        ,   -2.2534706671431288E-006
   19.999999999999993        ,   -2.2247482657031531E-006
   20.099999999999994        ,   -2.1965223043010419E-006
   20.199999999999996        ,   -2.1687819581447171E-006
   20.299999999999997        ,   -2.1415166873999421E-006
   20.399999999999999        ,   -2.1147162284010543E-006
   20.500000000000000        ,   -2.0883705851723425E-006
   20.599999999999998        ,   -2.0624700212479712E-006
   20.699999999999999        ,   -2.0370050517783546E-006
   20.800000000000001        ,   -2.0119664359118130E-006
   20.900000000000002        ,   -1.9873451694407022E-006
   21.000000000000004        ,   -1.9631324777014626E-006
   21.100000000000005        ,   -1.9393198087190142E-006
   21.200000000000003        ,   -1.9158988265857986E-006
   21.300000000000004        ,   -1.8928614050664089E-006
   21.400000000000006        ,   -1.8701996214193329E-006
   21.500000000000007        ,   -1.8479057504272517E-006
   21.600000000000009        ,   -1.8259722586281301E-006
   21.700000000000010        ,   -1.8043917987394682E-006
   21.800000000000011        ,   -1.7831572042683298E-006
   21.900000000000009        ,   -1.7622614843002360E-006
   22.000000000000011        ,   -1.7416978184602833E-006
   22.100000000000012        ,   -1.7214595520399302E-006
   22.200000000000014        ,   -1.7015401912834476E-006
   22.300000000000015        ,   -1.6819333988280689E-006
   22.400000000000016        ,   -1.6626329892921977E-006
   22.500000000000018        ,   -1.6436329250062415E-006
   22.600000000000016        ,   -1.6249273118809443E-006
   22.700000000000017        ,   -1.6065103954081061E-006
   22.800000000000018        ,   -1.5883765567890451E-006
   22.900000000000020        ,   -1.5705203091860414E-006
   23.000000000000021        ,   -1.5529362940925514E-006
   23.100000000000023        ,   -1.5356192778177638E-006
   23.200000000000024        ,   -1.5185641480815800E-006
   23.300000000000022        ,   -1.5017659107160098E-006
   23.400000000000023        ,   -1.4852196864693075E-006
   23.500000000000025        ,   -1.4689207079091828E-006
   23.600000000000026        ,   -1.4528643164216649E-006
   23.700000000000028        ,   -1.4370459593022774E-006
   23.800000000000029        ,   -1.4214611869363040E-006
   23.900000000000027        ,   -1.4061056500651044E-006
   24.000000000000028        ,   -1.3909750971354860E-006
   24.100000000000030        ,   -1.3760653717293177E-006
   24.200000000000031        ,   -1.3613724100706259E-006
   24.300000000000033        ,   -1.3468922386075441E-006
   24.400000000000034        ,   -1.3326209716665892E-006
   24.500000000000036        ,   -1.3185548091768489E-006
   24.600000000000033        ,   -1.3046900344616319E-006
   24.700000000000035        ,   -1.2910230120954912E-006
   24.800000000000036        ,   -1.2775501858242805E-006
   24.900000000000038        ,   -1.2642680765462623E-006
   25.000000000000039        ,   -1.2511732803522029E-006
   25.100000000000041        ,   -1.2382624666224689E-006
   25.200000000000042        ,   -1.2255323761793847E-006
   25.300000000000040        ,   -1.2129798194928908E-006
   25.400000000000041        ,   -1.2006016749378748E-006
   25.500000000000043        ,   -1.1883948871014814E-006
   25.600000000000044        ,   -1.1763564651387087E-006
   25.700000000000045        ,   -1.1644834811748686E-006
   25.800000000000047        ,   -1.1527730687532790E-006
   25.900000000000048        ,   -1.1412224213268309E-006
   26.000000000000046        ,   -1.1298287907920160E-006
   26.100000000000048        ,   -1.1185894860640032E-006
   26.200000000000049        ,   -1.1075018716915629E-006
   26.300000000000050        ,   -1.0965633665105520E-006
   26.400000000000052        ,   -1.0857714423346767E-006
   26.500000000000053        ,   -1.0751236226824958E-006
   26.600000000000051        ,   -1.0646174815394496E-006
   26.700000000000053        ,   -1.0542506421538022E-006
   26.800000000000054        ,   -1.0440207758655819E-006
   26.900000000000055        ,   -1.0339256009673536E-006
   27.000000000000057        ,   -1.0239628815959107E-006
   27.100000000000058        ,   -1.0141304266539624E-006
   27.200000000000060        ,   -1.0044260887608781E-006
   27.300000000000058        ,   -9.9484776323158784E-007
   27.400000000000059        ,   -9.8539338708280802E-007
   27.500000000000060        ,   -9.7606093806579268E-007
   27.600000000000062        ,   -9.6684843372476082E-007
   27.700000000000063        ,   -9.5775393048025934E-007
   27.800000000000065        ,   -9.4877552273673005E-007
   27.900000000000066        ,   -9.3991134201352421E-007
   28.000000000000064        ,   -9.3115955609872340E-007
   28.100000000000065        ,   -9.2251836822501037E-007
   28.200000000000067        ,   -9.1398601626707059E-007
   28.300000000000068        ,   -9.0556077195970226E-007
   28.400000000000070        ,   -8.9724094013627058E-007
   28.500000000000071        ,   -8.8902485798667749E-007
   28.600000000000072        ,   -8.8091089433444136E-007
   28.700000000000070        ,   -8.7289744893226489E-007
   28.800000000000072        ,   -8.6498295177558600E-007
   28.900000000000073        ,   -8.5716586243354075E-007
   29.000000000000075        ,   -8.4944466939693881E-007
   29.100000000000076        ,   -8.4181788944265203E-007
   29.200000000000077        ,   -8.3428406701404625E-007
   29.300000000000075        ,   -8.2684177361693188E-007
   29.400000000000077        ,   -8.1948960723061980E-007
   29.500000000000078        ,   -8.1222619173369175E-007
   29.600000000000080        ,   -8.0505017634399356E-007
   29.700000000000081        ,   -7.9796023507251755E-007
   29.800000000000082        ,   -7.9095506619079224E-007
   29.900000000000084        ,   -7.8403339171132814E-007
   30.000000000000082        ,   -7.7719395688084612E-007
   30.100000000000083        ,   -7.7043552968589445E-007
   30.200000000000085        ,   -7.6375690037047499E-007
   30.300000000000086        ,   -7.5715688096545196E-007
   30.400000000000087        ,   -7.5063430482930941E-007
   30.500000000000089        ,   -7.4418802620001940E-007
   30.600000000000090        ,   -7.3781691975767184E-007
   30.700000000000088        ,   -7.3151988019764203E-007
   30.800000000000090        ,   -7.2529582181391793E-007
   30.900000000000091        ,   -7.1914367809238172E-007
   31.000000000000092        ,   -7.1306240131378016E-007
   31.100000000000094        ,   -7.0705096216605421E-007
   31.200000000000095        ,   -7.0110834936588811E-007
   31.300000000000097        ,   -6.9523356928911250E-007
   31.400000000000095        ,   -6.8942564560981648E-007
   31.500000000000096        ,   -6.8368361894790715E-007
   31.600000000000097        ,   -6.7800654652488497E-007
   31.700000000000099        ,   -6.7239350182763382E-007
   31.800000000000100        ,   -6.6684357427999235E-007
   31.900000000000102        ,   -6.6135586892194436E-007
   32.000000000000099        ,   -6.5592950609619926E-007
   32.100000000000101        ,   -6.5056362114196550E-007
   32.200000000000102        ,   -6.4525736409574915E-007
   32.300000000000104        ,   -6.4000989939899246E-007
   32.400000000000105        ,   -6.3482040561236877E-007
   32.500000000000107        ,   -6.2968807513657456E-007
   32.600000000000108        ,   -6.2461211393942340E-007
   32.700000000000109        ,   -6.1959174128913922E-007
   32.800000000000111        ,   -6.1462618949362331E-007
   32.900000000000112        ,   -6.0971470364558261E-007
   33.000000000000114        ,   -6.0485654137336961E-007
   33.100000000000108        ,   -6.0005097259738746E-007
   33.200000000000109        ,   -5.9529727929189096E-007
   33.300000000000111        ,   -5.9059475525210934E-007
   33.400000000000112        ,   -5.8594270586649648E-007
   33.500000000000114        ,   -5.8134044789401185E-007
   33.600000000000115        ,   -5.7678730924630940E-007
   33.700000000000117        ,   -5.7228262877468923E-007
   33.800000000000118        ,   -5.6782575606172830E-007
   33.900000000000119        ,   -5.6341605121744677E-007
   34.000000000000121        ,   -5.5905288467989963E-007
   34.100000000000122        ,   -5.5473563702011974E-007
   34.200000000000124        ,   -5.5046369875124897E-007
   34.300000000000125        ,   -5.4623647014180285E-007
   34.400000000000119        ,   -5.4205336103295898E-007
   34.500000000000121        ,   -5.3791379065975218E-007
   34.600000000000122        ,   -5.3381718747608065E-007
   34.700000000000124        ,   -5.2976298898349322E-007
   34.800000000000125        ,   -5.2575064156355347E-007
   34.900000000000126        ,   -5.2177960031381992E-007
   35.000000000000128        ,   -5.1784932888725774E-007
   35.100000000000129        ,   -5.1395929933505037E-007
   35.200000000000131        ,   -5.1010899195272519E-007
   35.300000000000132        ,   -5.0629789512949166E-007
   35.400000000000134        ,   -5.0252550520075130E-007
   35.500000000000135        ,   -4.9879132630366753E-007
   35.600000000000136        ,   -4.9509487023575971E-007
   35.700000000000138        ,   -4.9143565631642083E-007
   35.800000000000132        ,   -4.8781321125128701E-007
   35.900000000000134        ,   -4.8422706899945218E-007
   36.000000000000135        ,   -4.8067677064336856E-007
   36.100000000000136        ,   -4.7716186426144985E-007
   36.200000000000138        ,   -4.7368190480326042E-007
   36.300000000000139        ,   -4.7023645396728532E-007
   36.400000000000141        ,   -4.6682508008115354E-007
   36.500000000000142        ,   -4.6344735798432717E-007
   36.600000000000144        ,   -4.6010286891314077E-007
   36.700000000000145        ,   -4.5679120038819267E-007
   36.800000000000146        ,   -4.5351194610398865E-007
   36.900000000000148        ,   -4.5026470582079407E-007
   37.000000000000149        ,   -4.4704908525868454E-007
   37.100000000000144        ,   -4.4386469599369743E-007
   37.200000000000145        ,   -4.4071115535605013E-007
   37.300000000000146        ,   -4.3758808633040673E-007
   37.400000000000148        ,   -4.3449511745809400E-007
   37.500000000000149        ,   -4.3143188274127590E-007
   37.600000000000151        ,   -4.2839802154902015E-007
   37.700000000000152        ,   -4.2539317852519739E-007
   37.800000000000153        ,   -4.2241700349821014E-007
   37.900000000000155        ,   -4.1946915139247650E-007
   38.000000000000156        ,   -4.1654928214165170E-007
   38.100000000000158        ,   -4.1365706060354564E-007
   38.200000000000159        ,   -4.1079215647667555E-007
   38.300000000000161        ,   -4.0795424421846715E-007
   38.400000000000162        ,   -4.0514300296501338E-007
   38.500000000000156        ,   -4.0235811645239633E-007
   38.600000000000158        ,   -3.9959927293951996E-007
   38.700000000000159        ,   -3.9686616513242158E-007
   38.800000000000161        ,   -3.9415849011004541E-007
   38.900000000000162        ,   -3.9147594925141693E-007
   39.000000000000163        ,   -3.8881824816422074E-007
   39.100000000000165        ,   -3.8618509661473611E-007
   39.200000000000166        ,   -3.8357620845908784E-007
   39.300000000000168        ,   -3.8099130157581769E-007
   39.400000000000169        ,   -3.7843009779970849E-007
   39.500000000000171        ,   -3.7589232285688089E-007
   39.600000000000172        ,   -3.7337770630107571E-007
   39.700000000000173        ,   -3.7088598145116563E-007
   39.800000000000168        ,   -3.6841688532980799E-007
   39.900000000000169        ,   -3.6597015860325764E-007
   40.000000000000171        ,   -3.6354554552229230E-007
   40.100000000000172        ,   -3.6114279386423739E-007
   40.200000000000173        ,   -3.5876165487607345E-007
   40.300000000000175        ,   -3.5640188321856377E-007
   40.400000000000176        ,   -3.5406323691145591E-007
   40.500000000000178        ,   -3.5174547727965631E-007
   40.600000000000179        ,   -3.4944836890041016E-007
   40.700000000000180        ,   -3.4717167955143630E-007
   40.800000000000182        ,   -3.4491518016002017E-007
   40.900000000000183        ,   -3.4267864475302923E-007
   41.000000000000185        ,   -3.4046185040782175E-007
   41.100000000000186        ,   -3.3826457720408856E-007
   41.200000000000180        ,   -3.3608660817650898E-007
   41.300000000000182        ,   -3.3392772926831007E-007
   41.400000000000183        ,   -3.3178772928562184E-007
   41.500000000000185        ,   -3.2966639985269248E-007
   41.600000000000186        ,   -3.2756353536787198E-007
   41.700000000000188        ,   -3.2547893296039657E-007
   41.800000000000189        ,   -3.2341239244795174E-007
   41.900000000000190        ,   -3.2136371629497456E-007
   42.000000000000192        ,   -3.1933270957170888E-007
   42.100000000000193        ,   -3.1731917991397610E-007
   42.200000000000195        ,   -3.1532293748367054E-007
   42.300000000000196        ,   -3.1334379492993119E-007
   42.400000000000198        ,   -3.1138156735101929E-007
   42.500000000000192        ,   -3.0943607225685008E-007
   42.600000000000193        ,   -3.0750712953218222E-007
   42.700000000000195        ,   -3.0559456140045897E-007
   42.800000000000196        ,   -3.0369819238826773E-007
   42.900000000000198        ,   -3.0181784929042882E-007
   43.000000000000199        ,   -2.9995336113568483E-007
   43.100000000000200        ,   -2.9810455915298444E-007
   43.200000000000202        ,   -2.9627127673835249E-007
   43.300000000000203        ,   -2.9445334942231900E-007
   43.400000000000205        ,   -2.9265061483793223E-007
   43.500000000000206        ,   -2.9086291268929516E-007
   43.600000000000207        ,   -2.8909008472065536E-007
   43.700000000000209        ,   -2.8733197468602419E-007
   43.800000000000210        ,   -2.8558842831930285E-007
   43.900000000000205        ,   -2.8385929330492983E-007
   44.000000000000206        ,   -2.8214441924901832E-007
   44.100000000000207        ,   -2.8044365765098311E-007
   44.200000000000209        ,   -2.7875686187565338E-007
   44.300000000000210        ,   -2.7708388712584803E-007
   44.400000000000212        ,   -2.7542459041541681E-007
   44.500000000000213        ,   -2.7377883054273440E-007
   44.600000000000215        ,   -2.7214646806463757E-007
   44.700000000000216        ,   -2.7052736527079934E-007
   44.800000000000217        ,   -2.6892138615852645E-007
   44.900000000000219        ,   -2.6732839640798163E-007
   45.000000000000220        ,   -2.6574826335781896E-007
   45.100000000000222        ,   -2.6418085598121520E-007
   45.200000000000216        ,   -2.6262604486230496E-007
   45.300000000000217        ,   -2.6108370217300250E-007
   45.400000000000219        ,   -2.5955370165020218E-007
   45.500000000000220        ,   -2.5803591857336376E-007
   45.600000000000222        ,   -2.5653022974244907E-007
   45.700000000000223        ,   -2.5503651345623925E-007
   45.800000000000225        ,   -2.5355464949098738E-007
   45.900000000000226        ,   -2.5208451907943168E-007
   46.000000000000227        ,   -2.5062600489014785E-007
   46.100000000000229        ,   -2.4917899100723483E-007
   46.200000000000230        ,   -2.4774336291032541E-007
   46.300000000000232        ,   -2.4631900745493027E-007
   46.400000000000233        ,   -2.4490581285308785E-007
   46.500000000000234        ,   -2.4350366865433723E-007
   46.600000000000229        ,   -2.4211246572698396E-007
   46.700000000000230        ,   -2.4073209623968199E-007
   46.800000000000232        ,   -2.3936245364328870E-007
   46.900000000000233        ,   -2.3800343265303394E-007
   47.000000000000234        ,   -2.3665492923095410E-007
   47.100000000000236        ,   -2.3531684056861628E-007
   47.200000000000237        ,   -2.3398906507011060E-007
   47.300000000000239        ,   -2.3267150233531671E-007
   47.400000000000240        ,   -2.3136405314343228E-007
   47.500000000000242        ,   -2.3006661943675966E-007
   47.600000000000243        ,   -2.2877910430474974E-007
   47.700000000000244        ,   -2.2750141196829818E-007
   47.800000000000246        ,   -2.2623344776428359E-007
   47.900000000000240        ,   -2.2497511813034931E-007
   48.000000000000242        ,   -2.2372633058992820E-007
   48.100000000000243        ,   -2.2248699373749049E-007
   48.200000000000244        ,   -2.2125701722402848E-007
   48.300000000000246        ,   -2.2003631174276464E-007
   48.400000000000247        ,   -2.1882478901508002E-007
   48.500000000000249        ,   -2.1762236177666333E-007
   48.600000000000250        ,   -2.1642894376387077E-007
   48.700000000000252        ,   -2.1524444970029442E-007
   48.800000000000253        ,   -2.1406879528354082E-007
   48.900000000000254        ,   -2.1290189717221250E-007
   49.000000000000256        ,   -2.1174367297308179E-007
   49.100000000000257        ,   -2.1059404122847491E-007
   49.200000000000259        ,   -2.0945292140382486E-007
   49.300000000000253        ,   -2.0832023387544627E-007
   49.400000000000254        ,   -2.0719589991846226E-007
   49.500000000000256        ,   -2.0607984169493816E-007
   49.600000000000257        ,   -2.0497198224218414E-007
   49.700000000000259        ,   -2.0387224546123694E-007
   49.800000000000260        ,   -2.0278055610551071E-007
   49.900000000000261        ,   -2.0169683976963355E-007
   50.000000000000263        ,   -2.0062102287842765E-007
   50.100000000000264        ,   -1.9955303267607883E-007
   50.200000000000266        ,   -1.9849279721545020E-007
   50.300000000000267        ,   -1.9744024534756185E-007
   50.400000000000269        ,   -1.9639530671123366E-007
   50.500000000000270        ,   -1.9535791172286934E-007
   50.600000000000264        ,   -1.9432799156640062E-007
   50.700000000000266        ,   -1.9330547818338087E-007
   50.800000000000267        ,   -1.9229030426321840E-007
   50.900000000000269        ,   -1.9128240323356029E-007
   51.000000000000270        ,   -1.9028170925081851E-007
   51.100000000000271        ,   -1.8928815719082623E-007
   51.200000000000273        ,   -1.8830168263964148E-007
   51.300000000000274        ,   -1.8732222188448228E-007
   51.400000000000276        ,   -1.8634971190479020E-007
   51.500000000000277        ,   -1.8538409036342989E-007
   51.600000000000279        ,   -1.8442529559801240E-007
   51.700000000000280        ,   -1.8347326661235173E-007
   51.800000000000281        ,   -1.8252794306802912E-007
   51.900000000000283        ,   -1.8158926527610519E-007
   52.000000000000277        ,   -1.8065717418892577E-007
   52.100000000000279        ,   -1.7973161139206257E-007
   52.200000000000280        ,   -1.7881251909636173E-007
   52.300000000000281        ,   -1.7789984013011551E-007
   52.400000000000283        ,   -1.7699351793133144E-007
   52.500000000000284        ,   -1.7609349654012989E-007
   52.600000000000286        ,   -1.7519972059123699E-007
   52.700000000000287        ,   -1.7431213530658849E-007
   52.800000000000288        ,   -1.7343068648804549E-007
   52.900000000000290        ,   -1.7255532051019994E-007
   53.000000000000291        ,   -1.7168598431329643E-007
   53.100000000000293        ,   -1.7082262539624515E-007
   53.200000000000294        ,   -1.6996519180973836E-007
   53.300000000000288        ,   -1.6911363214946071E-007
   53.400000000000290        ,   -1.6826789554939774E-007
   53.500000000000291        ,   -1.6742793167523727E-007
   53.600000000000293        ,   -1.6659369071786103E-007
   53.700000000000294        ,   -1.6576512338693542E-007
   53.800000000000296        ,   -1.6494218090458149E-007
   53.900000000000297        ,   -1.6412481499914221E-007
   54.000000000000298        ,   -1.6331297789902901E-007
   54.100000000000300        ,   -1.6250662232666074E-007
   54.200000000000301        ,   -1.6170570149248092E-007
   54.300000000000303        ,   -1.6091016908906634E-007
   54.400000000000304        ,   -1.6011997928530233E-007
   54.500000000000306        ,   -1.5933508672065522E-007
   54.600000000000307        ,   -1.5855544649951421E-007
   54.700000000000301        ,   -1.5778101418561380E-007
   54.800000000000303        ,   -1.5701174579652774E-007
   54.900000000000304        ,   -1.5624759779825068E-007
   55.000000000000306        ,   -1.5548852709983906E-007
   55.100000000000307        ,   -1.5473449104813759E-007
   55.200000000000308        ,   -1.5398544742256909E-007
   55.300000000000310        ,   -1.5324135443000157E-007
   55.400000000000311        ,   -1.5250217069967995E-007
   55.500000000000313        ,   -1.5176785527823006E-007
   55.600000000000314        ,   -1.5103836762473009E-007
   55.700000000000315        ,   -1.5031366760584372E-007
   55.800000000000317        ,   -1.4959371549103041E-007
   55.900000000000318        ,   -1.4887847194780632E-007
   56.000000000000313        ,   -1.4816789803707599E-007
   56.100000000000314        ,   -1.4746195520853146E-007
   56.200000000000315        ,   -1.4676060529610178E-007
   56.300000000000317        ,   -1.4606381051347355E-007
   56.400000000000318        ,   -1.4537153344966529E-007
   56.500000000000320        ,   -1.4468373706466517E-007
   56.600000000000321        ,   -1.4400038468511954E-007
   56.700000000000323        ,   -1.4332144000009079E-007
   56.800000000000324        ,   -1.4264686705685917E-007
   56.900000000000325        ,   -1.4197663025678731E-007
   57.000000000000327        ,   -1.4131069435123790E-007
   57.100000000000328        ,   -1.4064902443754319E-007
   57.200000000000330        ,   -1.3999158595503428E-007
   57.300000000000331        ,   -1.3933834468111100E-007
   57.400000000000325        ,   -1.3868926672737752E-007
   57.500000000000327        ,   -1.3804431853581433E-007
   57.600000000000328        ,   -1.3740346687501243E-007
   57.700000000000330        ,   -1.3676667883645043E-007
   57.800000000000331        ,   -1.3613392183082304E-007
   57.900000000000333        ,   -1.3550516358440882E-007
   58.000000000000334        ,   -1.3488037213550306E-007
   58.100000000000335        ,   -1.3425951583087773E-007
   58.200000000000337        ,   -1.3364256332229922E-007
   58.300000000000338        ,   -1.3302948356308760E-007
   58.400000000000340        ,   -1.3242024580471805E-007
   58.500000000000341        ,   -1.3181481959347337E-007
   58.600000000000342        ,   -1.3121317476712946E-007
   58.700000000000337        ,   -1.3061528145169032E-007
   58.800000000000338        ,   -1.3002111005816615E-007
   58.900000000000340        ,   -1.2943063127938474E-007
   59.000000000000341        ,   -1.2884381608685270E-007
   59.100000000000342        ,   -1.2826063572765333E-007
   59.200000000000344        ,   -1.2768106172137860E-007
   59.300000000000345        ,   -1.2710506585711052E-007
   59.400000000000347        ,   -1.2653262019043229E-007
   59.500000000000348        ,   -1.2596369704048411E-007
   59.600000000000350        ,   -1.2539826898704730E-007
   59.700000000000344        ,   -1.2483630886767556E-007
   59.800000000000338        ,   -1.2427778977485481E-007
   59.900000000000333        ,   -1.2372268505320463E-007
   60.000000000000327        ,   -1.2317096829670807E-007
   60.100000000000321        ,   -1.2262261334598358E-007
   60.200000000000315        ,   -1.2207759428558481E-007
   60.300000000000310        ,   -1.2153588544134137E-007
   60.400000000000304        ,   -1.2099746137772268E-007
   60.500000000000298        ,   -1.2046229689524701E-007
   60.600000000000293        ,   -1.1993036702791143E-007
   60.700000000000287        ,   -1.1940164704066212E-007
   60.800000000000281        ,   -1.1887611242689012E-007
   60.900000000000276        ,   -1.1835373890596540E-007
   61.000000000000270        ,   -1.1783450242079034E-007
   61.100000000000264        ,   -1.1731837913539582E-007
   61.200000000000259        ,   -1.1680534543255647E-007
   61.300000000000253        ,   -1.1629537791144540E-007
   61.400000000000247        ,   -1.1578845338530778E-007
   61.500000000000242        ,   -1.1528454887916984E-007
   61.600000000000236        ,   -1.1478364162757378E-007
   61.700000000000230        ,   -1.1428570907233947E-007
   61.800000000000225        ,   -1.1379072886035471E-007
   61.900000000000219        ,   -1.1329867884139443E-007
   62.000000000000213        ,   -1.1280953706596018E-007
   62.100000000000207        ,   -1.1232328178315448E-007
   62.200000000000202        ,   -1.1183989143857404E-007
   62.300000000000196        ,   -1.1135934467223098E-007
   62.400000000000190        ,   -1.1088162031650136E-007
   62.500000000000185        ,   -1.1040669739409309E-007
   62.600000000000179        ,   -1.0993455511604675E-007
   62.700000000000173        ,   -1.0946517287974955E-007
   62.800000000000168        ,   -1.0899853026698596E-007
   62.900000000000162        ,   -1.0853460704199860E-007
   63.000000000000156        ,   -1.0807338314958299E-007
   63.100000000000151        ,   -1.0761483871320057E-007
   63.200000000000145        ,   -1.0715895403311309E-007
   63.300000000000139        ,   -1.0670570958454168E-007
   63.400000000000134        ,   -1.0625508601584913E-007
   63.500000000000128        ,   -1.0580706414673768E-007
   63.600000000000122        ,   -1.0536162496647681E-007
   63.700000000000117        ,   -1.0491874963214501E-007
   63.800000000000111        ,   -1.0447841946689622E-007
   63.900000000000105        ,   -1.0404061595824361E-007
   64.000000000000099        ,   -1.0360532075636994E-007
   64.100000000000094        ,   -1.0317251567244939E-007
   64.200000000000088        ,   -1.0274218267699550E-007
   64.300000000000082        ,   -1.0231430389822516E-007
   64.400000000000077        ,   -1.0188886162044494E-007
   64.500000000000071        ,   -1.0146583828245333E-007
   64.600000000000065        ,   -1.0104521647596313E-007
   64.700000000000060        ,   -1.0062697894404139E-007
   64.800000000000054        ,   -1.0021110857956990E-007
   64.900000000000048        ,   -9.9797588423720019E-008
   65.000000000000043        ,   -9.9386401664448629E-008
   65.100000000000037        ,   -9.8977531635010867E-008
   65.200000000000031        ,   -9.8570961812486186E-008
   65.300000000000026        ,   -9.8166675816328288E-008
   65.400000000000020        ,   -9.7764657406926647E-008
   65.500000000000014        ,   -9.7364890484187680E-008
   65.600000000000009        ,   -9.6967359086127623E-008
   65.700000000000003        ,   -9.6572047387489129E-008
   65.799999999999997        ,   -9.6178939698367238E-008
   65.899999999999991        ,   -9.5788020462853256E-008
   65.999999999999986        ,   -9.5399274257696745E-008
   66.099999999999980        ,   -9.5012685790976903E-008
   66.199999999999974        ,   -9.4628239900796774E-008
   66.299999999999969        ,   -9.4245921553985210E-008
   66.399999999999963        ,   -9.3865715844819306E-008
   66.499999999999957        ,   -9.3487607993755108E-008
   66.599999999999952        ,   -9.3111583346182699E-008
   66.699999999999946        ,   -9.2737627371183340E-008
   66.799999999999940        ,   -9.2365725660308997E-008
   66.899999999999935        ,   -9.1995863926374581E-008
   66.999999999999929        ,   -9.1628028002260110E-008
   67.099999999999923        ,   -9.1262203839731016E-008
   67.199999999999918        ,   -9.0898377508267628E-008
   67.299999999999912        ,   -9.0536535193913231E-008
   67.399999999999906        ,   -9.0176663198126548E-008
   67.499999999999901        ,   -8.9818747936656326E-008
   67.599999999999895        ,   -8.9462775938423742E-008
   67.699999999999889        ,   -8.9108733844416798E-008
   67.799999999999883        ,   -8.8756608406598446E-008
   67.899999999999878        ,   -8.8406386486828959E-008
   67.999999999999872        ,   -8.8058055055794690E-008
   68.099999999999866        ,   -8.7711601191955725E-008
   68.199999999999861        ,   -8.7367012080497228E-008
   68.299999999999855        ,   -8.7024275012302443E-008
   68.399999999999849        ,   -8.6683377382926893E-008
   68.499999999999844        ,   -8.6344306691590007E-008
   68.599999999999838        ,   -8.6007050540178222E-008
   68.699999999999832        ,   -8.5671596632254765E-008
   68.799999999999827        ,   -8.5337932772084042E-008
   68.899999999999821        ,   -8.5006046863665109E-008
   68.999999999999815        ,   -8.4675926909778097E-008
   69.099999999999810        ,   -8.4347561011036235E-008
   69.199999999999804        ,   -8.4020937364952422E-008
   69.299999999999798        ,   -8.3696044265018594E-008
   69.399999999999793        ,   -8.3372870099784167E-008
   69.499999999999787        ,   -8.3051403351958601E-008
   69.599999999999781        ,   -8.2731632597512715E-008
   69.699999999999775        ,   -8.2413546504796253E-008
   69.799999999999770        ,   -8.2097133833662337E-008
   69.899999999999764        ,   -8.1782383434600506E-008
   69.999999999999758        ,   -8.1469284247883091E-008
   70.099999999999753        ,   -8.1157825302715445E-008
   70.199999999999747        ,   -8.0847995716401427E-008
   70.299999999999741        ,   -8.0539784693510796E-008
   70.399999999999736        ,   -8.0233181525062962E-008
   70.499999999999730        ,   -7.9928175587713677E-008
   70.599999999999724        ,   -7.9624756342954603E-008
   70.699999999999719        ,   -7.9322913336317453E-008
   70.799999999999713        ,   -7.9022636196591168E-008
   70.899999999999707        ,   -7.8723914635043169E-008
   70.999999999999702        ,   -7.8426738444652931E-008
   71.099999999999696        ,   -7.8131097499349356E-008
   71.199999999999690        ,   -7.7836981753261710E-008
   71.299999999999685        ,   -7.7544381239971860E-008
   71.399999999999679        ,   -7.7253286071781372E-008
   71.499999999999673        ,   -7.6963686438980873E-008
   71.599999999999667        ,   -7.6675572609130298E-008
   71.699999999999662        ,   -7.6388934926346117E-008
   71.799999999999656        ,   -7.6103763810595805E-008
   71.899999999999650        ,   -7.5820049756998446E-008
   71.999999999999645        ,   -7.5537783335135208E-008
   72.099999999999639        ,   -7.5256955188366964E-008
   72.199999999999633        ,   -7.4977556033155214E-008
   72.299999999999628        ,   -7.4699576658395187E-008
   72.399999999999622        ,   -7.4423007924753411E-008
   72.499999999999616        ,   -7.4147840764012216E-008
   72.599999999999611        ,   -7.3874066178420825E-008
   72.699999999999605        ,   -7.3601675240054522E-008
   72.799999999999599        ,   -7.3330659090180465E-008
   72.899999999999594        ,   -7.3061008938627382E-008
   72.999999999999588        ,   -7.2792716063166011E-008
   73.099999999999582        ,   -7.2525771808892907E-008
   73.199999999999577        ,   -7.2260167587620223E-008
   73.299999999999571        ,   -7.1995894877276435E-008
   73.399999999999565        ,   -7.1732945221306267E-008
   73.499999999999559        ,   -7.1471310228083637E-008
   73.599999999999554        ,   -7.1210981570325837E-008
   73.699999999999548        ,   -7.0951950984515781E-008
   73.799999999999542        ,   -7.0694210270329683E-008
   73.899999999999537        ,   -7.0437751290071894E-008
   73.999999999999531        ,   -7.0182565968113459E-008
   74.099999999999525        ,   -6.9928646290337923E-008
   74.199999999999520        ,   -6.9675984303591646E-008
   74.299999999999514        ,   -6.9424572115141169E-008
   74.399999999999508        ,   -6.9174401892135791E-008
   74.499999999999503        ,   -6.8925465861073587E-008
   74.599999999999497        ,   -6.8677756307276041E-008
   74.699999999999491        ,   -6.8431265574366418E-008
   74.799999999999486        ,   -6.8185986063752849E-008
   74.899999999999480        ,   -6.7941910234116563E-008
   74.999999999999474        ,   -6.7699030600908234E-008
   75.099999999999469        ,   -6.7457339735845664E-008
   75.199999999999463        ,   -6.7216830266417992E-008
   75.299999999999457        ,   -6.6977494875396464E-008
   75.399999999999437        ,   -6.6739326300346386E-008
   75.499999999999432        ,   -6.6502317333149765E-008
   75.599999999999426        ,   -6.6266460819525347E-008
   75.699999999999420        ,   -6.6031749658560342E-008
   75.799999999999415        ,   -6.5798176802242647E-008
   75.899999999999409        ,   -6.5565735254998671E-008
   75.999999999999403        ,   -6.5334418073238640E-008
   76.099999999999397        ,   -6.5104218364899777E-008
   76.199999999999392        ,   -6.4875129289002832E-008
   76.299999999999386        ,   -6.4647144055204382E-008
   76.399999999999380        ,   -6.4420255923359763E-008
   76.499999999999375        ,   -6.4194458203088927E-008
   76.599999999999369        ,   -6.3969744253343022E-008
   76.699999999999363        ,   -6.3746107481981386E-008
   76.799999999999358        ,   -6.3523541345347227E-008
   76.899999999999352        ,   -6.3302039347850427E-008
   76.999999999999346        ,   -6.3081595041554518E-008
   77.099999999999341        ,   -6.2862202025765725E-008
   77.199999999999335        ,   -6.2643853946628442E-008
   77.299999999999329        ,   -6.2426544496722283E-008
   77.399999999999324        ,   -6.2210267414666503E-008
   77.499999999999318        ,   -6.1995016484723417E-008
   77.599999999999312        ,   -6.1780785536411146E-008
   77.699999999999307        ,   -6.1567568444115885E-008
   77.799999999999301        ,   -6.1355359126709896E-008
   77.899999999999295        ,   -6.1144151547172365E-008
   77.999999999999289        ,   -6.0933939712216919E-008
   78.099999999999284        ,   -6.0724717671916325E-008
   78.199999999999278        ,   -6.0516479519338453E-008
   78.299999999999272        ,   -6.0309219390180606E-008
   78.399999999999267        ,   -6.0102931462408395E-008
   78.499999999999261        ,   -5.9897609955900433E-008
   78.599999999999255        ,   -5.9693249132093194E-008
   78.699999999999250        ,   -5.9489843293631771E-008
   78.799999999999244        ,   -5.9287386784022058E-008
   78.899999999999238        ,   -5.9085873987288242E-008
   78.999999999999233        ,   -5.8885299327632563E-008
   79.099999999999227        ,   -5.8685657269098106E-008
   79.199999999999221        ,   -5.8486942315234926E-008
   79.299999999999216        ,   -5.8289149008770753E-008
   79.399999999999210        ,   -5.8092271931281781E-008
   79.499999999999204        ,   -5.7896305702871208E-008
   79.599999999999199        ,   -5.7701244981845063E-008
   79.699999999999193        ,   -5.7507084464397533E-008
   79.799999999999187        ,   -5.7313818884292962E-008
   79.899999999999181        ,   -5.7121443012555442E-008
   79.999999999999176        ,   -5.6929951657160800E-008
