  0.10000000000000001      , -0.68627142799864638     
  0.20000000000000001      , -0.17106610647192347     
  0.29999999999999999      ,  -7.5743655653343414E-002
  0.40000000000000002      ,  -4.2421930028310469E-002
  0.50000000000000000      ,  -2.7022053217139581E-002
  0.59999999999999998      ,  -1.8671333868920857E-002
  0.69999999999999996      ,  -1.3645966318246841E-002
  0.79999999999999993      ,  -1.0391276365606467E-002
  0.89999999999999991      ,  -8.1649878673613098E-003
  0.99999999999999989      ,  -6.5764076471780024E-003
   1.0999999999999999      ,  -5.4040381100056052E-003
   1.2000000000000000      ,  -4.5147271869038063E-003
   1.3000000000000000      ,  -3.8245417728927917E-003
   1.4000000000000001      ,  -3.2784569621505232E-003
   1.5000000000000002      ,  -2.8391890247171370E-003
   1.6000000000000003      ,  -2.4807538044435925E-003
   1.7000000000000004      ,  -2.1845964733858293E-003
   1.8000000000000005      ,  -1.9371833430178991E-003
   1.9000000000000006      ,  -1.7284570972606716E-003
   2.0000000000000004      ,  -1.5508190484947444E-003
   2.1000000000000005      ,  -1.3984425714322650E-003
   2.2000000000000006      ,  -1.2668000832837436E-003
   2.3000000000000007      ,  -1.1523309291108011E-003
   2.4000000000000008      ,  -1.0522041865132304E-003
   2.5000000000000009      ,  -9.6414661982113640E-004
   2.6000000000000010      ,  -8.8631611759781175E-004
   2.7000000000000011      ,  -8.1720738029856621E-004
   2.8000000000000012      ,  -7.5558080250139774E-004
   2.9000000000000012      ,  -7.0040825643784656E-004
   3.0000000000000013      ,  -6.5083134060736983E-004
   3.1000000000000014      ,  -6.0612892496198715E-004
   3.2000000000000015      ,  -5.6569170186095748E-004
   3.3000000000000016      ,  -5.2900206771952843E-004
   3.4000000000000017      ,  -4.9561809751683973E-004
   3.5000000000000018      ,  -4.6516068837913061E-004
   3.6000000000000014      ,  -4.3730317643780935E-004
   3.7000000000000015      ,  -4.1176289832380876E-004
   3.8000000000000016      ,  -3.8829429237977574E-004
   3.9000000000000017      ,  -3.6668322704988993E-004
   4.0000000000000018      ,  -3.4674231345862698E-004
   4.1000000000000023      ,  -3.2830701196751521E-004
   4.2000000000000020      ,  -3.1123238284631074E-004
   4.3000000000000025      ,  -2.9539036225710721E-004
   4.4000000000000021      ,  -2.8066746882357205E-004
   4.5000000000000027      ,  -2.6696286483347066E-004
   4.6000000000000023      ,  -2.5418671085505304E-004
   4.7000000000000020      ,  -2.4225876417433142E-004
   4.8000000000000025      ,  -2.3110718068540829E-004
   4.9000000000000021      ,  -2.2066748722463886E-004
   5.0000000000000027      ,  -2.1088169723800244E-004
   5.1000000000000023      ,  -2.0169754742228079E-004
   5.2000000000000028      ,  -1.9306783682498897E-004
   5.3000000000000025      ,  -1.8494985301228386E-004
   5.4000000000000030      ,  -1.7730487246384502E-004
   5.5000000000000027      ,  -1.7009772444298097E-004
   5.6000000000000032      ,  -1.6329640930883409E-004
   5.7000000000000028      ,  -1.5687176365653129E-004
   5.8000000000000034      ,  -1.5079716584688713E-004
   5.9000000000000030      ,  -1.4504827646490671E-004
   6.0000000000000036      ,  -1.3960280906191190E-004
   6.1000000000000032      ,  -1.3444032721869194E-004
   6.2000000000000037      ,  -1.2954206454014332E-004
   6.3000000000000034      ,  -1.2489076467431969E-004
   6.4000000000000039      ,  -1.2047053885634720E-004
   6.5000000000000036      ,  -1.1626673882264557E-004
   6.6000000000000041      ,  -1.1226584323391905E-004
   6.7000000000000037      ,  -1.0845535599478750E-004
   6.8000000000000034      ,  -1.0482371507080100E-004
   6.9000000000000039      ,  -1.0136021058574081E-004
   7.0000000000000036      ,  -9.8054911138273005E-005
   7.1000000000000041      ,  -9.4898597411323195E-005
   7.2000000000000037      ,  -9.1882702263191242E-005
   7.3000000000000043      ,  -8.8999256589298439E-005
   7.4000000000000039      ,  -8.6240840329872081E-005
   7.5000000000000044      ,  -8.3600538073774311E-005
   7.6000000000000032      ,  -8.1071898773771753E-005
   7.7000000000000028      ,  -7.8648899145162605E-005
   7.8000000000000016      ,  -7.6325910369087066E-005
   7.9000000000000012      ,  -7.4097667764984142E-005
   8.0000000000000000      ,  -7.1959243134427108E-005
   8.0999999999999996      ,  -6.9906019511669276E-005
   8.1999999999999993      ,  -6.7933668085302563E-005
   8.2999999999999989      ,  -6.6038127081013525E-005
   8.3999999999999968      ,  -6.4215582417941736E-005
   8.4999999999999964      ,  -6.2462449971022586E-005
   8.5999999999999961      ,  -6.0775359289283146E-005
   8.6999999999999957      ,  -5.9151138635585166E-005
   8.7999999999999936      ,  -5.7586801227116047E-005
   8.8999999999999932      ,  -5.6079532568142015E-005
   8.9999999999999929      ,  -5.4626678777426907E-005
   9.0999999999999925      ,  -5.3225735822387382E-005
   9.1999999999999922      ,  -5.1874339580689189E-005
   9.2999999999999901      ,  -5.0570256657679151E-005
   9.3999999999999897      ,  -4.9311375894928962E-005
   9.4999999999999893      ,  -4.8095700511318555E-005
   9.5999999999999890      ,  -4.6921340823597189E-005
   9.6999999999999869      ,  -4.5786507498303193E-005
   9.7999999999999865      ,  -4.4689505291355563E-005
   9.8999999999999861      ,  -4.3628727235626892E-005
   9.9999999999999858      ,  -4.2602649240384052E-005
   10.099999999999985      ,  -4.1609825069726286E-005
   10.199999999999983      ,  -4.0648881670053332E-005
   10.299999999999983      ,  -3.9718514819238240E-005
   10.399999999999983      ,  -3.8817485072548160E-005
   10.499999999999982      ,  -3.7944613982506914E-005
   10.599999999999980      ,  -3.7098780571850215E-005
   10.699999999999980      ,  -3.6278918040470115E-005
   10.799999999999979      ,  -3.5484010688864881E-005
   10.899999999999979      ,  -3.4713091042047664E-005
   10.999999999999977      ,  -3.3965237159199930E-005
   11.099999999999977      ,  -3.3239570115544521E-005
   11.199999999999976      ,  -3.2535251644021402E-005
   11.299999999999976      ,  -3.1851481925328092E-005
   11.399999999999975      ,  -3.1187497515811546E-005
   11.499999999999973      ,  -3.0542569403514072E-005
   11.599999999999973      ,  -2.9916001183442324E-005
   11.699999999999973      ,  -2.9307127343816968E-005
   11.799999999999972      ,  -2.8715311655692971E-005
   11.899999999999970      ,  -2.8139945658921151E-005
   11.999999999999970      ,  -2.7580447237956572E-005
   12.099999999999969      ,  -2.7036259281499025E-005
   12.199999999999969      ,  -2.6506848420405033E-005
   12.299999999999969      ,  -2.5991703838717522E-005
   12.399999999999967      ,  -2.5490336153035795E-005
   12.499999999999966      ,  -2.5002276355800490E-005
   12.599999999999966      ,  -2.4527074818377782E-005
   12.699999999999966      ,  -2.4064300350133035E-005
   12.799999999999963      ,  -2.3613539309944077E-005
   12.899999999999963      ,  -2.3174394766859991E-005
   12.999999999999963      ,  -2.2746485706840896E-005
   13.099999999999962      ,  -2.2329446282723984E-005
   13.199999999999960      ,  -2.1922925104760894E-005
   13.299999999999960      ,  -2.1526584569251671E-005
   13.399999999999959      ,  -2.1140100222967296E-005
   13.499999999999959      ,  -2.0763160161209647E-005
   13.599999999999959      ,  -2.0395464457502207E-005
   13.699999999999957      ,  -2.0036724623034915E-005
   13.799999999999956      ,  -1.9686663094114876E-005
   13.899999999999956      ,  -1.9345012745983954E-005
   13.999999999999956      ,  -1.9011516431475608E-005
   14.099999999999953      ,  -1.8685926543078255E-005
   14.199999999999953      ,  -1.8368004597065571E-005
   14.299999999999953      ,  -1.8057520838441861E-005
   14.399999999999952      ,  -1.7754253865523875E-005
   14.499999999999952      ,  -1.7457990273060607E-005
   14.599999999999950      ,  -1.7168524312858547E-005
   14.699999999999950      ,  -1.6885657570941636E-005
   14.799999999999949      ,  -1.6609198660340013E-005
   14.899999999999949      ,  -1.6338962928652364E-005
   14.999999999999948      ,  -1.6074772179580594E-005
   15.099999999999950      ,  -1.5816454407684687E-005
   15.199999999999951      ,  -1.5563843545648012E-005
   15.299999999999951      ,  -1.5316779223390037E-005
   15.399999999999952      ,  -1.5075106538397103E-005
   15.499999999999954      ,  -1.4838675836683525E-005
   15.599999999999955      ,  -1.4607342503828490E-005
   15.699999999999955      ,  -1.4380966765563696E-005
   15.799999999999956      ,  -1.4159413497421912E-005
   15.899999999999958      ,  -1.3942552042979531E-005
   15.999999999999957      ,  -1.3730256040257849E-005
   16.099999999999959      ,  -1.3522403255866942E-005
   16.199999999999960      ,  -1.3318875426505709E-005
   16.299999999999962      ,  -1.3119558107447772E-005
   16.399999999999963      ,  -1.2924340527666353E-005
   16.499999999999961      ,  -1.2733115451270636E-005
   16.599999999999962      ,  -1.2545779044942603E-005
   16.699999999999964      ,  -1.2362230751081386E-005
   16.799999999999965      ,  -1.2182373166377921E-005
   16.899999999999967      ,  -1.2006111925558194E-005
   16.999999999999968      ,  -1.1833355590045271E-005
   17.099999999999969      ,  -1.1664015541307431E-005
   17.199999999999967      ,  -1.1498005878667955E-005
   17.299999999999969      ,  -1.1335243321367242E-005
   17.399999999999970      ,  -1.1175647114676972E-005
   17.499999999999972      ,  -1.1019138939877458E-005
   17.599999999999973      ,  -1.0865642827918530E-005
   17.699999999999974      ,  -1.0715085076594131E-005
   17.799999999999976      ,  -1.0567394171069352E-005
   17.899999999999974      ,  -1.0422500707606351E-005
   17.999999999999975      ,  -1.0280337320344491E-005
   18.099999999999977      ,  -1.0140838610996087E-005
   18.199999999999978      ,  -1.0003941081327207E-005
   18.299999999999979      ,  -9.8695830682989716E-006
   18.399999999999981      ,  -9.7377046817506502E-006
   18.499999999999979      ,  -9.6082477445127236E-006
   18.599999999999980      ,  -9.4811557348427746E-006
   18.699999999999982      ,  -9.3563737310822109E-006
   18.799999999999983      ,  -9.2338483584377711E-006
   18.899999999999984      ,  -9.1135277377951897E-006
   18.999999999999986      ,  -8.9953614364776772E-006
   19.099999999999987      ,  -8.8793004208662819E-006
   19.199999999999985      ,  -8.7652970108013987E-006
   19.299999999999986      ,  -8.6533048356917825E-006
   19.399999999999988      ,  -8.5432787922568595E-006
   19.499999999999989      ,  -8.4351750038354229E-006
   19.599999999999991      ,  -8.3289507811943410E-006
   19.699999999999992      ,  -8.2245645847748355E-006
   19.799999999999994      ,  -8.1219759883172495E-006
   19.899999999999991      ,  -8.0211456438074391E-006
   19.999999999999993      ,  -7.9220352476901542E-006
   20.099999999999994      ,  -7.8246075082980753E-006
   20.199999999999996      ,  -7.7288261144474503E-006
   20.299999999999997      ,  -7.6346557051524114E-006
   20.399999999999999      ,  -7.5420618404137034E-006
   20.500000000000000      ,  -7.4510109730385665E-006
   20.599999999999998      ,  -7.3614704214503614E-006
   20.699999999999999      ,  -7.2734083434493298E-006
   20.800000000000001      ,  -7.1867937108865401E-006
   20.900000000000002      ,  -7.1015962852151911E-006
   21.000000000000004      ,  -7.0177865938850375E-006
   21.100000000000005      ,  -6.9353359075471979E-006
   21.200000000000003      ,  -6.8542162180377901E-006
   21.300000000000004      ,  -6.7744002171103736E-006
   21.400000000000006      ,  -6.6958612758887289E-006
   21.500000000000007      ,  -6.6185734250120644E-006
   21.600000000000009      ,  -6.5425113354465149E-006
   21.700000000000010      ,  -6.4676502999377478E-006
   21.800000000000011      ,  -6.3939662150803488E-006
   21.900000000000009      ,  -6.3214355639809790E-006
   22.000000000000011      ,  -6.2500353994929830E-006
   22.100000000000012      ,  -6.1797433280013798E-006
   22.200000000000014      ,  -6.1105374937375570E-006
   22.300000000000015      ,  -6.0423965636045455E-006
   22.400000000000016      ,  -5.9752997124936364E-006
   22.500000000000018      ,  -5.9092266090748417E-006
   22.600000000000016      ,  -5.8441574020435131E-006
   22.700000000000017      ,  -5.7800727068071367E-006
   22.800000000000018      ,  -5.7169535925957071E-006
   22.900000000000020      ,  -5.6547815699811073E-006
   23.000000000000021      ,  -5.5935385787905798E-006
   23.100000000000023      ,  -5.5332069763999966E-006
   23.200000000000024      ,  -5.4737695263941268E-006
   23.300000000000022      ,  -5.4152093875800402E-006
   23.400000000000023      ,  -5.3575101033421995E-006
   23.500000000000025      ,  -5.3006555913262206E-006
   23.600000000000026      ,  -5.2446301334408744E-006
   23.700000000000028      ,  -5.1894183661663900E-006
   23.800000000000029      ,  -5.1350052711590416E-006
   23.900000000000027      ,  -5.0813761661414616E-006
   24.000000000000028      ,  -5.0285166960691550E-006
   24.100000000000030      ,  -4.9764128245633873E-006
   24.200000000000031      ,  -4.9250508256017867E-006
   24.300000000000033      ,  -4.8744172754577243E-006
   24.400000000000034      ,  -4.8244990448799102E-006
   24.500000000000036      ,  -4.7752832915044355E-006
   24.600000000000033      ,  -4.7267574524913346E-006
   24.700000000000035      ,  -4.6789092373779204E-006
   24.800000000000036      ,  -4.6317266211422346E-006
   24.900000000000038      ,  -4.5851978374690676E-006
   25.000000000000039      ,  -4.5393113722123275E-006
   25.100000000000041      ,  -4.4940559570468495E-006
   25.200000000000042      ,  -4.4494205633040258E-006
   25.300000000000040      ,  -4.4053943959846253E-006
   25.400000000000041      ,  -4.3619668879435182E-006
   25.500000000000043      ,  -4.3191276942405097E-006
   25.600000000000044      ,  -4.2768666866520419E-006
   25.700000000000045      ,  -4.2351739483384478E-006
   25.800000000000047      ,  -4.1940397686619260E-006
   25.900000000000048      ,  -4.1534546381504628E-006
   26.000000000000046      ,  -4.1134092436027284E-006
   26.100000000000048      ,  -4.0738944633300642E-006
   26.200000000000049      ,  -4.0349013625306100E-006
   26.300000000000050      ,  -3.9964211887919264E-006
   26.400000000000052      ,  -3.9584453677177910E-006
   26.500000000000053      ,  -3.9209654986753904E-006
   26.600000000000051      ,  -3.8839733506591641E-006
   26.700000000000053      ,  -3.8474608582677760E-006
   26.800000000000054      ,  -3.8114201177904677E-006
   26.900000000000055      ,  -3.7758433833998117E-006
   27.000000000000057      ,  -3.7407230634472092E-006
   27.100000000000058      ,  -3.7060517168582995E-006
   27.200000000000060      ,  -3.6718220496250921E-006
   27.300000000000058      ,  -3.6380269113919506E-006
   27.400000000000059      ,  -3.6046592921325129E-006
   27.500000000000060      ,  -3.5717123189149392E-006
   27.600000000000062      ,  -3.5391792527527612E-006
   27.700000000000063      ,  -3.5070534855387744E-006
   27.800000000000065      ,  -3.4753285370594660E-006
   27.900000000000066      ,  -3.4439980520877553E-006
   28.000000000000064      ,  -3.4130557975514905E-006
   28.100000000000065      ,  -3.3824956597756910E-006
   28.200000000000067      ,  -3.3523116417961994E-006
   28.300000000000068      ,  -3.3224978607428087E-006
   28.400000000000070      ,  -3.2930485452896517E-006
   28.500000000000071      ,  -3.2639580331711037E-006
   28.600000000000072      ,  -3.2352207687611645E-006
   28.700000000000070      ,  -3.2068313007145489E-006
   28.800000000000072      ,  -3.1787842796675808E-006
   28.900000000000073      ,  -3.1510744559974668E-006
   29.000000000000075      ,  -3.1236966776379941E-006
   29.100000000000076      ,  -3.0966458879500701E-006
   29.200000000000077      ,  -3.0699171236458207E-006
   29.300000000000075      ,  -3.0435055127644039E-006
   29.400000000000077      ,  -3.0174062726982021E-006
   29.500000000000078      ,  -2.9916147082680985E-006
   29.600000000000080      ,  -2.9661262098463235E-006
   29.700000000000081      ,  -2.9409362515254450E-006
   29.800000000000082      ,  -2.9160403893325608E-006
   29.900000000000084      ,  -2.8914342594870823E-006
   30.000000000000082      ,  -2.8671135767011054E-006
   30.100000000000083      ,  -2.8430741325211011E-006
   30.200000000000085      ,  -2.8193117937099044E-006
   30.300000000000086      ,  -2.7958225006677532E-006
   30.400000000000087      ,  -2.7726022658914107E-006
   30.500000000000089      ,  -2.7496471724703124E-006
   30.600000000000090      ,  -2.7269533726187395E-006
   30.700000000000088      ,  -2.7045170862429880E-006
   30.800000000000090      ,  -2.6823345995426927E-006
   30.900000000000091      ,  -2.6604022636452882E-006
   31.000000000000092      ,  -2.6387164932728181E-006
   31.100000000000094      ,  -2.6172737654401064E-006
   31.200000000000095      ,  -2.5960706181835774E-006
   31.300000000000097      ,  -2.5751036493198347E-006
   31.400000000000095      ,  -2.5543695152332793E-006
   31.500000000000096      ,  -2.5338649296918711E-006
   31.600000000000097      ,  -2.5135866626904679E-006
   31.700000000000099      ,  -2.4935315393209239E-006
   31.800000000000100      ,  -2.4736964386681613E-006
   31.900000000000102      ,  -2.4540782927318178E-006
   32.000000000000099      ,  -2.4346740853724057E-006
   32.100000000000101      ,  -2.4154808512817571E-006
   32.200000000000102      ,  -2.3964956749768243E-006
   32.300000000000104      ,  -2.3777156898163739E-006
   32.400000000000105      ,  -2.3591380770399947E-006
   32.500000000000107      ,  -2.3407600648287557E-006
   32.600000000000108      ,  -2.3225789273870880E-006
   32.700000000000109      ,  -2.3045919840452282E-006
   32.800000000000111      ,  -2.2867965983817971E-006
   32.900000000000112      ,  -2.2691901773659420E-006
   33.000000000000114      ,  -2.2517701705185838E-006
   33.100000000000108      ,  -2.2345340690922992E-006
   33.200000000000109      ,  -2.2174794052693024E-006
   33.300000000000111      ,  -2.2006037513771756E-006
   33.400000000000112      ,  -2.1839047191218243E-006
   33.500000000000114      ,  -2.1673799588372643E-006
   33.600000000000115      ,  -2.1510271587518267E-006
   33.700000000000117      ,  -2.1348440442703445E-006
   33.800000000000118      ,  -2.1188283772720101E-006
   33.900000000000119      ,  -2.1029779554233413E-006
   34.000000000000121      ,  -2.0872906115061685E-006
   34.100000000000122      ,  -2.0717642127599741E-006
   34.200000000000124      ,  -2.0563966602384017E-006
   34.300000000000125      ,  -2.0411858881796333E-006
   34.400000000000119      ,  -2.0261298633901484E-006
   34.500000000000121      ,  -2.0112265846416429E-006
   34.600000000000122      ,  -1.9964740820808159E-006
   34.700000000000124      ,  -1.9818704166515706E-006
   34.800000000000125      ,  -1.9674136795295576E-006
   34.900000000000126      ,  -1.9531019915685151E-006
   35.000000000000128      ,  -1.9389335027583507E-006
   35.100000000000129      ,  -1.9249063916945242E-006
   35.200000000000131      ,  -1.9110188650585373E-006
   35.300000000000132      ,  -1.8972691571092851E-006
   35.400000000000134      ,  -1.8836555291849329E-006
   35.500000000000135      ,  -1.8701762692151793E-006
   35.600000000000136      ,  -1.8568296912435738E-006
   35.700000000000138      ,  -1.8436141349596585E-006
   35.800000000000132      ,  -1.8305279652408189E-006
   35.900000000000134      ,  -1.8175695717034370E-006
   36.000000000000135      ,  -1.8047373682632994E-006
   36.100000000000136      ,  -1.7920297927049212E-006
   36.200000000000138      ,  -1.7794453062596830E-006
   36.300000000000139      ,  -1.7669823931924696E-006
   36.400000000000141      ,  -1.7546395603967426E-006
   36.500000000000142      ,  -1.7424153369977540E-006
   36.600000000000144      ,  -1.7303082739636986E-006
   36.700000000000145      ,  -1.7183169437247973E-006
   36.800000000000146      ,  -1.7064399397998606E-006
   36.900000000000148      ,  -1.6946758764304621E-006
   37.000000000000149      ,  -1.6830233882222417E-006
   37.100000000000144      ,  -1.6714811297934872E-006
   37.200000000000145      ,  -1.6600477754305644E-006
   37.300000000000146      ,  -1.6487220187502245E-006
   37.400000000000148      ,  -1.6375025723685531E-006
   37.500000000000149      ,  -1.6263881675764010E-006
   37.600000000000151      ,  -1.6153775540212327E-006
   37.700000000000152      ,  -1.6044694993951390E-006
   37.800000000000153      ,  -1.5936627891289969E-006
   37.900000000000155      ,  -1.5829562260925271E-006
   38.000000000000156      ,  -1.5723486303002247E-006
   38.100000000000158      ,  -1.5618388386229378E-006
   38.200000000000159      ,  -1.5514257045050546E-006
   38.300000000000161      ,  -1.5411080976871129E-006
   38.400000000000162      ,  -1.5308849039337454E-006
   38.500000000000156      ,  -1.5207550247668564E-006
   38.600000000000158      ,  -1.5107173772038781E-006
   38.700000000000159      ,  -1.5007708935010319E-006
   38.800000000000161      ,  -1.4909145209014579E-006
   38.900000000000162      ,  -1.4811472213881613E-006
   39.000000000000163      ,  -1.4714679714415873E-006
   39.100000000000165      ,  -1.4618757618018086E-006
   39.200000000000166      ,  -1.4523695972351632E-006
   39.300000000000168      ,  -1.4429484963053147E-006
   39.400000000000169      ,  -1.4336114911485821E-006
   39.500000000000171      ,  -1.4243576272534371E-006
   39.600000000000172      ,  -1.4151859632441865E-006
   39.700000000000173      ,  -1.4060955706686287E-006
   39.800000000000168      ,  -1.3970855337896451E-006
   39.900000000000169      ,  -1.3881549493806889E-006
   40.000000000000171      ,  -1.3793029265250161E-006
   40.100000000000172      ,  -1.3705285864186320E-006
   40.200000000000173      ,  -1.3618310621768622E-006
   40.300000000000175      ,  -1.3532094986444650E-006
   40.400000000000176      ,  -1.3446630522091990E-006
   40.500000000000178      ,  -1.3361908906188342E-006
   40.600000000000179      ,  -1.3277921928014531E-006
   40.700000000000180      ,  -1.3194661486890578E-006
   40.800000000000182      ,  -1.3112119590443021E-006
   40.900000000000183      ,  -1.3030288352904569E-006
   41.000000000000185      ,  -1.2949159993443426E-006
   41.100000000000186      ,  -1.2868726834523317E-006
   41.200000000000180      ,  -1.2788981300292719E-006
   41.300000000000182      ,  -1.2709915915002887E-006
   41.400000000000183      ,  -1.2631523301454113E-006
   41.500000000000185      ,  -1.2553796179470086E-006
   41.600000000000186      ,  -1.2476727364398622E-006
   41.700000000000188      ,  -1.2400309765639697E-006
   41.800000000000189      ,  -1.2324536385199237E-006
   41.900000000000190      ,  -1.2249400316268302E-006
   42.000000000000192      ,  -1.2174894741827481E-006
   42.100000000000193      ,  -1.2101012933275955E-006
   42.200000000000195      ,  -1.2027748249084222E-006
   42.300000000000196      ,  -1.1955094133470607E-006
   42.400000000000198      ,  -1.1883044115100974E-006
   42.500000000000192      ,  -1.1811591805810872E-006
   42.600000000000193      ,  -1.1740730899349901E-006
   42.700000000000195      ,  -1.1670455170148134E-006
   42.800000000000196      ,  -1.1600758472103342E-006
   42.900000000000198      ,  -1.1531634737389776E-006
   43.000000000000199      ,  -1.1463077975286883E-006
   43.100000000000200      ,  -1.1395082271028410E-006
   43.200000000000202      ,  -1.1327641784671529E-006
   43.300000000000203      ,  -1.1260750749984527E-006
   43.400000000000205      ,  -1.1194403473354237E-006
   43.500000000000206      ,  -1.1128594332711726E-006
   43.600000000000207      ,  -1.1063317776476216E-006
   43.700000000000209      ,  -1.0998568322516990E-006
   43.800000000000210      ,  -1.0934340557132794E-006
   43.900000000000205      ,  -1.0870629134048533E-006
   44.000000000000206      ,  -1.0807428773428799E-006
   44.100000000000207      ,  -1.0744734260907988E-006
   44.200000000000209      ,  -1.0682540446636640E-006
   44.300000000000210      ,  -1.0620842244343868E-006
   44.400000000000212      ,  -1.0559634630415078E-006
   44.500000000000213      ,  -1.0498912642985649E-006
   44.600000000000215      ,  -1.0438671381049085E-006
   44.700000000000216      ,  -1.0378906003580188E-006
   44.800000000000217      ,  -1.0319611728672813E-006
   44.900000000000219      ,  -1.0260783832691808E-006
   45.000000000000220      ,  -1.0202417649438777E-006
   45.100000000000222      ,  -1.0144508569331792E-006
   45.200000000000216      ,  -1.0087052038598311E-006
   45.300000000000217      ,  -1.0030043558481612E-006
   45.400000000000219      ,  -9.9734786844598716E-007
   45.500000000000220      ,  -9.9173530254780470E-007
   45.600000000000222      ,  -9.8616622431925694E-007
   45.700000000000223      ,  -9.8064020512277364E-007
   45.800000000000225      ,  -9.7515682144446631E-007
   45.900000000000226      ,  -9.6971565482216622E-007
   46.000000000000227      ,  -9.6431629177464375E-007
   46.100000000000229      ,  -9.5895832373197618E-007
   46.200000000000230      ,  -9.5364134696699073E-007
   46.300000000000232      ,  -9.4836496252785797E-007
   46.400000000000233      ,  -9.4312877617173403E-007
   46.500000000000234      ,  -9.3793239829945320E-007
   46.600000000000229      ,  -9.3277544389129217E-007
   46.700000000000230      ,  -9.2765753244372925E-007
   46.800000000000232      ,  -9.2257828790720741E-007
   46.900000000000233      ,  -9.1753733862489435E-007
   47.000000000000234      ,  -9.1253431727240635E-007
   47.100000000000236      ,  -9.0756886079847648E-007
   47.200000000000237      ,  -9.0264061036654893E-007
   47.300000000000239      ,  -8.9774921129732233E-007
   47.400000000000240      ,  -8.9289431301213668E-007
   47.500000000000242      ,  -8.8807556897731287E-007
   47.600000000000243      ,  -8.8329263664929601E-007
   47.700000000000244      ,  -8.7854517742070752E-007
   47.800000000000246      ,  -8.7383285656718519E-007
   47.900000000000240      ,  -8.6915534319509390E-007
   48.000000000000242      ,  -8.6451231019000994E-007
   48.100000000000243      ,  -8.5990343416601664E-007
   48.200000000000244      ,  -8.5532839541577647E-007
   48.300000000000246      ,  -8.5078687786138275E-007
   48.400000000000247      ,  -8.4627856900593805E-007
   48.500000000000249      ,  -8.4180315988591192E-007
   48.600000000000250      ,  -8.3736034502419037E-007
   48.700000000000252      ,  -8.3294982238386527E-007
   48.800000000000253      ,  -8.2857129332271790E-007
   48.900000000000254      ,  -8.2422446254839548E-007
   49.000000000000256      ,  -8.1990903807426906E-007
   49.100000000000257      ,  -8.1562473117595649E-007
   49.200000000000259      ,  -8.1137125634850133E-007
   49.300000000000253      ,  -8.0714833126420583E-007
   49.400000000000254      ,  -8.0295567673108189E-007
   49.500000000000256      ,  -7.9879301665194459E-007
   49.600000000000257      ,  -7.9466007798410438E-007
   49.700000000000259      ,  -7.9055659069966666E-007
   49.800000000000260      ,  -7.8648228774643076E-007
   49.900000000000261      ,  -7.8243690500935437E-007
   50.000000000000263      ,  -7.7842018127261604E-007
   50.100000000000264      ,  -7.7443185818220896E-007
   50.200000000000266      ,  -7.7047168020911978E-007
   50.300000000000267      ,  -7.6653939461303327E-007
   50.400000000000269      ,  -7.6263475140656975E-007
   50.500000000000270      ,  -7.5875750332007273E-007
   50.600000000000264      ,  -7.5490740576687783E-007
   50.700000000000266      ,  -7.5108421680912380E-007
   50.800000000000267      ,  -7.4728769712405176E-007
   50.900000000000269      ,  -7.4351760997078063E-007
   51.000000000000270      ,  -7.3977372115760494E-007
   51.100000000000271      ,  -7.3605579900972722E-007
   51.200000000000273      ,  -7.3236361433749044E-007
   51.300000000000274      ,  -7.2869694040504610E-007
   51.400000000000276      ,  -7.2505555289950586E-007
   51.500000000000277      ,  -7.2143922990050136E-007
   51.600000000000279      ,  -7.1784775185022015E-007
   51.700000000000280      ,  -7.1428090152384334E-007
   51.800000000000281      ,  -7.1073846400042977E-007
   51.900000000000283      ,  -7.0722022663420266E-007
   52.000000000000277      ,  -7.0372597902623805E-007
   52.100000000000279      ,  -7.0025551299660740E-007
   52.200000000000280      ,  -6.9680862255685013E-007
   52.300000000000281      ,  -6.9338510388288199E-007
   52.400000000000283      ,  -6.8998475528826917E-007
   52.500000000000284      ,  -6.8660737719790151E-007
   52.600000000000286      ,  -6.8325277212200650E-007
   52.700000000000287      ,  -6.7992074463056342E-007
   52.800000000000288      ,  -6.7661110132805940E-007
   52.900000000000290      ,  -6.7332365082859622E-007
   53.000000000000291      ,  -6.7005820373136578E-007
   53.100000000000293      ,  -6.6681457259645237E-007
   53.200000000000294      ,  -6.6359257192098140E-007
   53.300000000000288      ,  -6.6039201811560762E-007
   53.400000000000290      ,  -6.5721272948130259E-007
   53.500000000000291      ,  -6.5405452618651487E-007
   53.600000000000293      ,  -6.5091723024459412E-007
   53.700000000000294      ,  -6.4780066549155984E-007
   53.800000000000296      ,  -6.4470465756418281E-007
   53.900000000000297      ,  -6.4162903387834267E-007
   54.000000000000298      ,  -6.3857362360770278E-007
   54.100000000000300      ,  -6.3553825766267915E-007
   54.200000000000301      ,  -6.3252276866968827E-007
   54.300000000000303      ,  -6.2952699095069097E-007
   54.400000000000304      ,  -6.2655076050300370E-007
   54.500000000000306      ,  -6.2359391497939762E-007
   54.600000000000307      ,  -6.2065629366846845E-007
   54.700000000000301      ,  -6.1773773747525994E-007
   54.800000000000303      ,  -6.1483808890216465E-007
   54.900000000000304      ,  -6.1195719203008392E-007
   55.000000000000306      ,  -6.0909489249983575E-007
   55.100000000000307      ,  -6.0625103749381425E-007
   55.200000000000308      ,  -6.0342547571790436E-007
   55.300000000000310      ,  -6.0061805738363655E-007
   55.400000000000311      ,  -5.9782863419057142E-007
   55.500000000000313      ,  -5.9505705930894786E-007
   55.600000000000314      ,  -5.9230318736252814E-007
   55.700000000000315      ,  -5.8956687441170020E-007
   55.800000000000317      ,  -5.8684797793679230E-007
   55.900000000000318      ,  -5.8414635682161567E-007
   56.000000000000313      ,  -5.8146187133722831E-007
   56.100000000000314      ,  -5.7879438312590533E-007
   56.200000000000315      ,  -5.7614375518532772E-007
   56.300000000000317      ,  -5.7350985185297747E-007
   56.400000000000318      ,  -5.7089253879075602E-007
   56.500000000000320      ,  -5.6829168296977250E-007
   56.600000000000321      ,  -5.6570715265536034E-007
   56.700000000000323      ,  -5.6313881739228568E-007
   56.800000000000324      ,  -5.6058654799013873E-007
   56.900000000000325      ,  -5.5805021650892814E-007
   57.000000000000327      ,  -5.5552969624485632E-007
   57.100000000000328      ,  -5.5302486171628591E-007
   57.200000000000330      ,  -5.5053558864989279E-007
   57.300000000000331      ,  -5.4806175396698251E-007
   57.400000000000325      ,  -5.4560323577000673E-007
   57.500000000000327      ,  -5.4315991332923652E-007
   57.600000000000328      ,  -5.4073166706961527E-007
   57.700000000000330      ,  -5.3831837855779138E-007
   57.800000000000331      ,  -5.3591993048929473E-007
   57.900000000000333      ,  -5.3353620667590625E-007
   58.000000000000334      ,  -5.3116709203316139E-007
   58.100000000000335      ,  -5.2881247256804057E-007
   58.200000000000337      ,  -5.2647223536680585E-007
   58.300000000000338      ,  -5.2414626858298504E-007
   58.400000000000340      ,  -5.2183446142551737E-007
   58.500000000000341      ,  -5.1953670414706029E-007
   58.600000000000342      ,  -5.1725288803242887E-007
   58.700000000000337      ,  -5.1498290538718763E-007
   58.800000000000338      ,  -5.1272664952638850E-007
   58.900000000000340      ,  -5.1048401476345425E-007
   59.000000000000341      ,  -5.0825489639919830E-007
   59.100000000000342      ,  -5.0603919071098185E-007
   59.200000000000344      ,  -5.0383679494200981E-007
   59.300000000000345      ,  -5.0164760729077211E-007
   59.400000000000347      ,  -4.9947152690059305E-007
   59.500000000000348      ,  -4.9730845384933322E-007
   59.600000000000350      ,  -4.9515828913921255E-007
   59.700000000000344      ,  -4.9302093468676743E-007
   59.800000000000338      ,  -4.9089629331291740E-007
   59.900000000000333      ,  -4.8878426873316905E-007
   60.000000000000327      ,  -4.8668476554794078E-007
   60.100000000000321      ,  -4.8459768923300952E-007
   60.200000000000315      ,  -4.8252294613005476E-007
   60.300000000000310      ,  -4.8046044343736003E-007
   60.400000000000304      ,  -4.7841008920058747E-007
   60.500000000000298      ,  -4.7637179230369441E-007
   60.600000000000293      ,  -4.7434546245994780E-007
   60.700000000000287      ,  -4.7233101020305778E-007
   60.800000000000281      ,  -4.7032834687841227E-007
   60.900000000000276      ,  -4.6833738463442663E-007
   61.000000000000270      ,  -4.6635803641399219E-007
   61.100000000000264      ,  -4.6439021594603345E-007
   61.200000000000259      ,  -4.6243383773717276E-007
   61.300000000000253      ,  -4.6048881706348206E-007
   61.400000000000247      ,  -4.5855506996235326E-007
   61.500000000000242      ,  -4.5663251322445117E-007
   61.600000000000236      ,  -4.5472106438577812E-007
   61.700000000000230      ,  -4.5282064171982262E-007
   61.800000000000225      ,  -4.5093116422981170E-007
   61.900000000000219      ,  -4.4905255164104973E-007
   62.000000000000213      ,  -4.4718472439335887E-007
   62.100000000000207      ,  -4.4532760363359676E-007
   62.200000000000202      ,  -4.4348111120827974E-007
   62.300000000000196      ,  -4.4164516965628350E-007
   62.400000000000190      ,  -4.3981970220163504E-007
   62.500000000000185      ,  -4.3800463274638944E-007
   62.600000000000179      ,  -4.3619988586359266E-007
   62.700000000000173      ,  -4.3440538679033328E-007
   62.800000000000168      ,  -4.3262106142086346E-007
   62.900000000000162      ,  -4.3084683629981455E-007
   63.000000000000156      ,  -4.2908263861548989E-007
   63.100000000000151      ,  -4.2732839619323660E-007
   63.200000000000145      ,  -4.2558403748888800E-007
   63.300000000000139      ,  -4.2384949158230024E-007
   63.400000000000134      ,  -4.2212468817094743E-007
   63.500000000000128      ,  -4.2040955756360500E-007
   63.600000000000122      ,  -4.1870403067410192E-007
   63.700000000000117      ,  -4.1700803901514615E-007
   63.800000000000111      ,  -4.1532151469221806E-007
   63.900000000000105      ,  -4.1364439039755294E-007
   64.000000000000099      ,  -4.1197659940417147E-007
   64.100000000000094      ,  -4.1031807555998877E-007
   64.200000000000088      ,  -4.0866875328199982E-007
   64.300000000000082      ,  -4.0702856755052176E-007
   64.400000000000077      ,  -4.0539745390350595E-007
   64.500000000000071      ,  -4.0377534843091832E-007
   64.600000000000065      ,  -4.0216218776918817E-007
   64.700000000000060      ,  -4.0055790909570505E-007
   64.800000000000054      ,  -3.9896245012340213E-007
   64.900000000000048      ,  -3.9737574909538545E-007
   65.000000000000043      ,  -3.9579774477962665E-007
   65.100000000000037      ,  -3.9422837646373004E-007
   65.200000000000031      ,  -3.9266758394973622E-007
   65.300000000000026      ,  -3.9111530754901001E-007
   65.400000000000020      ,  -3.8957148807717107E-007
   65.500000000000014      ,  -3.8803606684908663E-007
   65.600000000000009      ,  -3.8650898567392261E-007
   65.700000000000003      ,  -3.8499018685024616E-007
   65.799999999999997      ,  -3.8347961316119759E-007
   65.899999999999991      ,  -3.8197720786969485E-007
   65.999999999999986      ,  -3.8048291471371738E-007
   66.099999999999980      ,  -3.7899667790161788E-007
   66.199999999999974      ,  -3.7751844210750994E-007
   66.299999999999969      ,  -3.7604815246669726E-007
   66.399999999999963      ,  -3.7458575457114756E-007
   66.499999999999957      ,  -3.7313119446503411E-007
   66.599999999999952      ,  -3.7168441864031153E-007
   66.699999999999946      ,  -3.7024537403234906E-007
   66.799999999999940      ,  -3.6881400801561554E-007
   66.899999999999935      ,  -3.6739026839940110E-007
   66.999999999999929      ,  -3.6597410342360509E-007
   67.099999999999923      ,  -3.6456546175454705E-007
   67.199999999999918      ,  -3.6316429248084804E-007
   67.299999999999912      ,  -3.6177054510934227E-007
   67.399999999999906      ,  -3.6038416956104083E-007
   67.499999999999901      ,  -3.5900511616713384E-007
   67.599999999999895      ,  -3.5763333566505150E-007
   67.699999999999889      ,  -3.5626877919454591E-007
   67.799999999999883      ,  -3.5491139829383899E-007
   67.899999999999878      ,  -3.5356114489579718E-007
   67.999999999999872      ,  -3.5221797132415433E-007
   68.099999999999866      ,  -3.5088183028978320E-007
   68.199999999999861      ,  -3.4955267488698608E-007
   68.299999999999855      ,  -3.4823045858985194E-007
   68.399999999999849      ,  -3.4691513524863849E-007
   68.499999999999844      ,  -3.4560665908619771E-007
   68.599999999999838      ,  -3.4430498469443436E-007
   68.699999999999832      ,  -3.4301006703081890E-007
   68.799999999999827      ,  -3.4172186141491924E-007
   68.899999999999821      ,  -3.4044032352498430E-007
   68.999999999999815      ,  -3.3916540939455415E-007
   69.099999999999810      ,  -3.3789707540911914E-007
   69.199999999999804      ,  -3.3663527830279877E-007
   69.299999999999798      ,  -3.3537997515507891E-007
   69.399999999999793      ,  -3.3413112338755816E-007
   69.499999999999787      ,  -3.3288868076074775E-007
   69.599999999999781      ,  -3.3165260537090398E-007
   69.699999999999775      ,  -3.3042285564688472E-007
   69.799999999999770      ,  -3.2919939034705086E-007
   69.899999999999764      ,  -3.2798216855619299E-007
   69.999999999999758      ,  -3.2677114968249690E-007
   70.099999999999753      ,  -3.2556629345453828E-007
   70.199999999999747      ,  -3.2436755991830566E-007
   70.299999999999741      ,  -3.2317490943426762E-007
   70.399999999999736      ,  -3.2198830267445604E-007
   70.499999999999730      ,  -3.2080770061959062E-007
   70.599999999999724      ,  -3.1963306455623193E-007
   70.699999999999719      ,  -3.1846435607395522E-007
   70.799999999999713      ,  -3.1730153706257666E-007
   70.899999999999707      ,  -3.1614456970937996E-007
   70.999999999999702      ,  -3.1499341649639688E-007
   71.099999999999696      ,  -3.1384804019770078E-007
   71.199999999999690      ,  -3.1270840387673795E-007
   71.299999999999685      ,  -3.1157447088367934E-007
   71.399999999999679      ,  -3.1044620485280910E-007
   71.499999999999673      ,  -3.0932356969993085E-007
   71.599999999999667      ,  -3.0820652961980602E-007
   71.699999999999662      ,  -3.0709504908362452E-007
   71.799999999999656      ,  -3.0598909283648611E-007
   71.899999999999650      ,  -3.0488862589492844E-007
   71.999999999999645      ,  -3.0379361354446110E-007
   72.099999999999639      ,  -3.0270402133714141E-007
   72.199999999999633      ,  -3.0161981508916323E-007
   72.299999999999628      ,  -3.0054096087847884E-007
   72.399999999999622      ,  -2.9946742504244408E-007
   72.499999999999616      ,  -2.9839917417548119E-007
   72.599999999999611      ,  -2.9733617512677694E-007
   72.699999999999605      ,  -2.9627839499799232E-007
   72.799999999999599      ,  -2.9522580114100901E-007
   72.899999999999594      ,  -2.9417836115568597E-007
   72.999999999999588      ,  -2.9313604288764831E-007
   73.099999999999582      ,  -2.9209881442609517E-007
   73.199999999999577      ,  -2.9106664410162900E-007
   73.299999999999571      ,  -2.9003950048411147E-007
   73.399999999999565      ,  -2.8901735238053670E-007
   73.499999999999559      ,  -2.8800016883292605E-007
   73.599999999999554      ,  -2.8698791911625112E-007
   73.699999999999548      ,  -2.8598057273636871E-007
   73.799999999999542      ,  -2.8497809942798287E-007
   73.899999999999537      ,  -2.8398046915262357E-007
   73.999999999999531      ,  -2.8298765209665459E-007
   74.099999999999525      ,  -2.8199961866928467E-007
   74.199999999999520      ,  -2.8101633950062031E-007
   74.299999999999514      ,  -2.8003778543971722E-007
   74.399999999999508      ,  -2.7906392755266874E-007
   74.499999999999503      ,  -2.7809473712070294E-007
   74.599999999999497      ,  -2.7713018563830257E-007
   74.699999999999491      ,  -2.7617024481134009E-007
   74.799999999999486      ,  -2.7521488655524188E-007
   74.899999999999480      ,  -2.7426408299315731E-007
   74.999999999999474      ,  -2.7331780645415413E-007
   75.099999999999469      ,  -2.7237602947143091E-007
   75.199999999999463      ,  -2.7143872478054402E-007
   75.299999999999457      ,  -2.7050586531766265E-007
   75.399999999999437      ,  -2.6957742421781948E-007
   75.499999999999432      ,  -2.6865337481320729E-007
   75.599999999999426      ,  -2.6773369063146869E-007
   75.699999999999420      ,  -2.6681834539401483E-007
   75.799999999999415      ,  -2.6590731301435834E-007
   75.899999999999409      ,  -2.6500056759645974E-007
   75.999999999999403      ,  -2.6409808343309549E-007
   76.099999999999397      ,  -2.6319983500423925E-007
   76.199999999999392      ,  -2.6230579697545687E-007
   76.299999999999386      ,  -2.6141594419632156E-007
   76.399999999999380      ,  -2.6053025169884138E-007
   76.499999999999375      ,  -2.5964869469590448E-007
   76.599999999999369      ,  -2.5877124857973842E-007
   76.699999999999363      ,  -2.5789788892038130E-007
   76.799999999999358      ,  -2.5702859146417680E-007
   76.899999999999352      ,  -2.5616333213227325E-007
   76.999999999999346      ,  -2.5530208701914386E-007
   77.099999999999341      ,  -2.5444483239112265E-007
   77.199999999999335      ,  -2.5359154468494835E-007
   77.299999999999329      ,  -2.5274220050632423E-007
   77.399999999999324      ,  -2.5189677662849768E-007
   77.499999999999318      ,  -2.5105524999084813E-007
   77.599999999999312      ,  -2.5021759769749255E-007
   77.699999999999307      ,  -2.4938379701589164E-007
   77.799999999999301      ,  -2.4855382537549303E-007
   77.899999999999295      ,  -2.4772766036636477E-007
   77.999999999999289      ,  -2.4690527973785554E-007
   78.099999999999284      ,  -2.4608666139726085E-007
   78.199999999999278      ,  -2.4527178340851000E-007
   78.299999999999272      ,  -2.4446062399085124E-007
   78.399999999999267      ,  -2.4365316151756823E-007
   78.499999999999261      ,  -2.4284937451469326E-007
   78.599999999999255      ,  -2.4204924165974097E-007
   78.699999999999250      ,  -2.4125274178045093E-007
   78.799999999999244      ,  -2.4045985385354469E-007
   78.899999999999238      ,  -2.3967055700348965E-007
   78.999999999999233      ,  -2.3888483050128297E-007
   79.099999999999227      ,  -2.3810265376323816E-007
   79.199999999999221      ,  -2.3732400634979018E-007
   79.299999999999216      ,  -2.3654886796430691E-007
   79.399999999999210      ,  -2.3577721845191426E-007
   79.499999999999204      ,  -2.3500903779833140E-007
   79.599999999999199      ,  -2.3424430612872115E-007
   79.699999999999193      ,  -2.3348300370654230E-007
   79.799999999999187      ,  -2.3272511093242180E-007
   79.899999999999181      ,  -2.3197060834303187E-007
   79.999999999999176      ,  -2.3121947660998139E-007
