  0.10000000000000001        ,  -0.18604005691810019     
  0.20000000000000001        ,   -4.6381200277137297E-002
  0.29999999999999999        ,   -2.0539387155511294E-002
  0.40000000000000002        ,   -1.1504881185537219E-002
  0.50000000000000000        ,   -7.3289937192858494E-003
  0.59999999999999998        ,   -5.0642835897967454E-003
  0.69999999999999996        ,   -3.7012260437393357E-003
  0.79999999999999993        ,   -2.8183242208080317E-003
  0.89999999999999991        ,   -2.2143224360034260E-003
  0.99999999999999989        ,   -1.7832834821364097E-003
   1.0999999999999999        ,   -1.4651434307780655E-003
   1.2000000000000000        ,   -1.2237923791459031E-003
   1.3000000000000000        ,   -1.0364664244518066E-003
   1.4000000000000001        ,   -8.8824075573130760E-004
   1.5000000000000002        ,   -7.6900177270736527E-004
   1.6000000000000003        ,   -6.7170039431069598E-004
   1.7000000000000004        ,   -5.9130255799365371E-004
   1.8000000000000005        ,   -5.2413615306606169E-004
   1.9000000000000006        ,   -4.6747207902720061E-004
   2.0000000000000004        ,   -4.1924821736575441E-004
   2.1000000000000005        ,   -3.7788321330288130E-004
   2.2000000000000006        ,   -3.4214817043759911E-004
   2.3000000000000007        ,   -3.1107656014171613E-004
   2.4000000000000008        ,   -2.8389987519104160E-004
   2.5000000000000009        ,   -2.6000095427872926E-004
   2.6000000000000010        ,   -2.3887964386478522E-004
   2.7000000000000011        ,   -2.2012720832754887E-004
   2.8000000000000012        ,   -2.0340703229712210E-004
   2.9000000000000012        ,   -1.8843990818893770E-004
   3.0000000000000013        ,   -1.7499270560733082E-004
   3.1000000000000014        ,   -1.6286956311575485E-004
   3.2000000000000015        ,   -1.5190498093329974E-004
   3.3000000000000016        ,   -1.4195836012713400E-004
   3.4000000000000017        ,   -1.3290965247339843E-004
   3.5000000000000018        ,   -1.2465587034974588E-004
   3.6000000000000014        ,   -1.1710826786893232E-004
   3.7000000000000015        ,   -1.1019004981169086E-004
   3.8000000000000016        ,   -1.0383449848211653E-004
   3.9000000000000017        ,   -9.7983433671950307E-005
   4.0000000000000018        ,   -9.2585939790958374E-005
   4.1000000000000023        ,   -8.7597308540993070E-005
   4.2000000000000020        ,   -8.2978156459383715E-005
   4.3000000000000025        ,   -7.8693685086237347E-005
   4.4000000000000021        ,   -7.4713058043111307E-005
   4.5000000000000027        ,   -7.1008874405936460E-005
   4.6000000000000023        ,   -6.7556721753395387E-005
   4.7000000000000020        ,   -6.4334795427416422E-005
   4.8000000000000025        ,   -6.1323573046334338E-005
   4.9000000000000021        ,   -5.8505535308614286E-005
   5.0000000000000027        ,   -5.5864925726150446E-005
   5.1000000000000023        ,   -5.3387543215924244E-005
   5.2000000000000028        ,   -5.1060562522388380E-005
   5.3000000000000025        ,   -4.8872378291129354E-005
   5.4000000000000030        ,   -4.6812469306612559E-005
   5.5000000000000027        ,   -4.4871279974035971E-005
   5.6000000000000032        ,   -4.3040116591956719E-005
   5.7000000000000028        ,   -4.1311056347651078E-005
   5.8000000000000034        ,   -3.9676867286418373E-005
   5.9000000000000030        ,   -3.8130937771530442E-005
   6.0000000000000036        ,   -3.6667214173002758E-005
   6.1000000000000032        ,   -3.5280145708733376E-005
   6.2000000000000037        ,   -3.3964635517189250E-005
   6.3000000000000034        ,   -3.2715997171863319E-005
   6.4000000000000039        ,   -3.1529915958395607E-005
   6.5000000000000036        ,   -3.0402414328979662E-005
   6.6000000000000041        ,   -2.9329821028251499E-005
   6.7000000000000037        ,   -2.8308743452613000E-005
   6.8000000000000034        ,   -2.7336042862776110E-005
   6.9000000000000039        ,   -2.6408812118784458E-005
   7.0000000000000036        ,   -2.5524355649212617E-005
   7.1000000000000041        ,   -2.4680171402715396E-005
   7.2000000000000037        ,   -2.3873934561530397E-005
   7.3000000000000043        ,   -2.3103482823671742E-005
   7.4000000000000039        ,   -2.2366803084024265E-005
   7.5000000000000044        ,   -2.1662019364916616E-005
   7.6000000000000032        ,   -2.0987381864419450E-005
   7.7000000000000028        ,   -2.0341257006015157E-005
   7.8000000000000016        ,   -1.9722118386706873E-005
   7.9000000000000012        ,   -1.9128538532358397E-005
   8.0000000000000000        ,   -1.8559181379319424E-005
   8.0999999999999996        ,   -1.8012795410390313E-005
   8.1999999999999993        ,   -1.7488207381078329E-005
   8.2999999999999989        ,   -1.6984316579050496E-005
   8.3999999999999968        ,   -1.6500089565811193E-005
   8.4999999999999964        ,   -1.6034555355034626E-005
   8.5999999999999961        ,   -1.5586800986761123E-005
   8.6999999999999957        ,   -1.5155967460889263E-005
   8.7999999999999936        ,   -1.4741245997146437E-005
   8.8999999999999932        ,   -1.4341874592042701E-005
   8.9999999999999929        ,   -1.3957134846270257E-005
   9.0999999999999925        ,   -1.3586349038642939E-005
   9.1999999999999922        ,   -1.3228877425012893E-005
   9.2999999999999901        ,   -1.2884115742696212E-005
   9.3999999999999897        ,   -1.2551492902806841E-005
   9.4999999999999893        ,   -1.2230468854573568E-005
   9.5999999999999890        ,   -1.1920532607211172E-005
   9.6999999999999869        ,   -1.1621200396260527E-005
   9.7999999999999865        ,   -1.1332013982519907E-005
   9.8999999999999861        ,   -1.1052539072773017E-005
   9.9999999999999858        ,   -1.0782363852494857E-005
   10.099999999999985        ,   -1.0521097621596365E-005
   10.199999999999983        ,   -1.0268369525059388E-005
   10.299999999999983        ,   -1.0023827371031139E-005
   10.399999999999983        ,   -9.7871365295911533E-006
   10.499999999999982        ,   -9.5579789059916027E-006
   10.599999999999980        ,   -9.3360519826970877E-006
   10.699999999999980        ,   -9.1210679250343068E-006
   10.799999999999979        ,   -8.9127527456926371E-006
   10.899999999999979        ,   -8.7108455237157121E-006
   10.999999999999977        ,   -8.5150976739801716E-006
   11.099999999999977        ,   -8.3252722634866742E-006
   11.199999999999976        ,   -8.1411433710831521E-006
   11.299999999999976        ,   -7.9624954875138176E-006
   11.399999999999975        ,   -7.7891229529323706E-006
   11.499999999999973        ,   -7.6208294292443943E-006
   11.599999999999973        ,   -7.4574274048495485E-006
   11.699999999999973        ,   -7.2987377295425492E-006
   11.799999999999972        ,   -7.1445891775040712E-006
   11.899999999999970        ,   -6.9948180364705608E-006
   11.999999999999970        ,   -6.8492677213158873E-006
   12.099999999999969        ,   -6.7077884104111833E-006
   12.199999999999969        ,   -6.5702367032500205E-006
   12.299999999999969        ,   -6.4364752979376398E-006
   12.399999999999967        ,   -6.3063726872464231E-006
   12.499999999999966        ,   -6.1798028720329741E-006
   12.599999999999966        ,   -6.0566450908997028E-006
   12.699999999999966        ,   -5.9367835650633827E-006
   12.799999999999963        ,   -5.8201072574673072E-006
   12.899999999999963        ,   -5.7065096452406265E-006
   12.999999999999963        ,   -5.5958885046718596E-006
   13.099999999999962        ,   -5.4881457079212728E-006
   13.199999999999960        ,   -5.3831870307497564E-006
   13.299999999999960        ,   -5.2809219705919087E-006
   13.399999999999959        ,   -5.1812635743460655E-006
   13.499999999999959        ,   -5.0841282752964805E-006
   13.599999999999959        ,   -4.9894357386223150E-006
   13.699999999999957        ,   -4.8971087149835934E-006
   13.799999999999956        ,   -4.8070729017086277E-006
   13.899999999999956        ,   -4.7192568111381443E-006
   13.999999999999956        ,   -4.6335916457105235E-006
   14.099999999999953        ,   -4.5500111793988022E-006
   14.199999999999953        ,   -4.4684516451361897E-006
   14.299999999999953        ,   -4.3888516278885981E-006
   14.399999999999952        ,   -4.3111519630556524E-006
   14.499999999999952        ,   -4.2352956399003137E-006
   14.599999999999950        ,   -4.1612277097274112E-006
   14.699999999999950        ,   -4.0888951985473744E-006
   14.799999999999949        ,   -4.0182470239784483E-006
   14.899999999999949        ,   -3.9492339161560032E-006
   14.999999999999948        ,   -3.8818083424305526E-006
   15.099999999999950        ,   -3.8159244356506221E-006
   15.199999999999951        ,   -3.7515379258376171E-006
   15.299999999999951        ,   -3.6886060750724957E-006
   15.399999999999952        ,   -3.6270876154236160E-006
   15.499999999999954        ,   -3.5669426897560856E-006
   15.599999999999955        ,   -3.5081327952715880E-006
   15.699999999999955        ,   -3.4506207296371062E-006
   15.799999999999956        ,   -3.3943705395684667E-006
   15.899999999999958        ,   -3.3393474717428236E-006
   15.999999999999957        ,   -3.2855179259214031E-006
   16.099999999999959        ,   -3.2328494101698069E-006
   16.199999999999960        ,   -3.1813104980709082E-006
   16.299999999999962        ,   -3.1308707878296772E-006
   16.399999999999963        ,   -3.0815008631763899E-006
   16.499999999999961        ,   -3.0331722559783894E-006
   16.599999999999962        ,   -2.9858574104769024E-006
   16.699999999999964        ,   -2.9395296490690224E-006
   16.799999999999965        ,   -2.8941631395597397E-006
   16.899999999999967        ,   -2.8497328638126183E-006
   16.999999999999968        ,   -2.8062145877323083E-006
   17.099999999999969        ,   -2.7635848325146175E-006
   17.199999999999967        ,   -2.7218208471042865E-006
   17.299999999999969        ,   -2.6809005818029503E-006
   17.399999999999970        ,   -2.6408026629733581E-006
   17.499999999999972        ,   -2.6015063687886031E-006
   17.599999999999973        ,   -2.5629916059775186E-006
   17.699999999999974        ,   -2.5252388875203570E-006
   17.799999999999976        ,   -2.4882293112508516E-006
   17.899999999999974        ,   -2.4519445393232266E-006
   17.999999999999975        ,   -2.4163667785048061E-006
   18.099999999999977        ,   -2.3814787612567237E-006
   18.199999999999978        ,   -2.3472637275672988E-006
   18.299999999999979        ,   -2.3137054075043423E-006
   18.399999999999981        ,   -2.2807880044543637E-006
   18.499999999999979        ,   -2.2484961790180888E-006
   18.599999999999980        ,   -2.2168150335335311E-006
   18.699999999999982        ,   -2.1857300971988697E-006
   18.799999999999983        ,   -2.1552273117691400E-006
   18.899999999999984        ,   -2.1252930178016800E-006
   18.999999999999986        ,   -2.0959139414265774E-006
   19.099999999999987        ,   -2.0670771816197344E-006
   19.199999999999985        ,   -2.0387701979568237E-006
   19.299999999999986        ,   -2.0109807988277959E-006
   19.399999999999988        ,   -1.9836971300923771E-006
   19.499999999999989        ,   -1.9569076641580688E-006
   19.599999999999991        ,   -1.9306011894627173E-006
   19.699999999999992        ,   -1.9047668003449904E-006
   19.799999999999994        ,   -1.8793938872865162E-006
   19.899999999999991        ,   -1.8544721275104026E-006
   19.999999999999993        ,   -1.8299914759213740E-006
   20.099999999999994        ,   -1.8059421563736457E-006
   20.199999999999996        ,   -1.7823146532531667E-006
   20.299999999999997        ,   -1.7590997033614134E-006
   20.399999999999999        ,   -1.7362882880886010E-006
   20.500000000000000        ,   -1.7138716258647989E-006
   20.599999999999998        ,   -1.6918411648775997E-006
   20.699999999999999        ,   -1.6701885760460002E-006
   20.800000000000001        ,   -1.6489057462401189E-006
   20.900000000000002        ,   -1.6279847717372550E-006
   21.000000000000004        ,   -1.6074179519048981E-006
   21.100000000000005        ,   -1.5871977831017805E-006
   21.200000000000003        ,   -1.5673169527886047E-006
   21.300000000000004        ,   -1.5477683338403649E-006
   21.400000000000006        ,   -1.5285449790522243E-006
   21.500000000000007        ,   -1.5096401158319329E-006
   21.600000000000009        ,   -1.4910471410712418E-006
   21.700000000000010        ,   -1.4727596161898596E-006
   21.800000000000011        ,   -1.4547712623451621E-006
   21.900000000000009        ,   -1.4370759558015692E-006
   22.000000000000011        ,   -1.4196677234535239E-006
   22.100000000000012        ,   -1.4025407384963779E-006
   22.200000000000014        ,   -1.3856893162395872E-006
   22.300000000000015        ,   -1.3691079100570890E-006
   22.400000000000016        ,   -1.3527911074697149E-006
   22.500000000000018        ,   -1.3367336263547764E-006
   22.600000000000016        ,   -1.3209303112782146E-006
   22.700000000000017        ,   -1.3053761299448610E-006
   22.800000000000018        ,   -1.2900661697625079E-006
   22.900000000000020        ,   -1.2749956345156020E-006
   23.000000000000021        ,   -1.2601598411448006E-006
   23.100000000000023        ,   -1.2455542166284554E-006
   23.200000000000024        ,   -1.2311742949623886E-006
   23.300000000000022        ,   -1.2170157142345790E-006
   23.400000000000023        ,   -1.2030742137912839E-006
   23.500000000000025        ,   -1.1893456314914653E-006
   23.600000000000026        ,   -1.1758259010463914E-006
   23.700000000000028        ,   -1.1625110494413889E-006
   23.800000000000029        ,   -1.1493971944369578E-006
   23.900000000000027        ,   -1.1364805421465307E-006
   24.000000000000028        ,   -1.1237573846880609E-006
   24.100000000000030        ,   -1.1112240979071339E-006
   24.200000000000031        ,   -1.0988771391689593E-006
   24.300000000000033        ,   -1.0867130452169977E-006
   24.400000000000034        ,   -1.0747284300959579E-006
   24.500000000000036        ,   -1.0629199831369112E-006
   24.600000000000033        ,   -1.0512844670025340E-006
   24.700000000000035        ,   -1.0398187157903669E-006
   24.800000000000036        ,   -1.0285196331922178E-006
   24.900000000000038        ,   -1.0173841907077753E-006
   25.000000000000039        ,   -1.0064094259107540E-006
   25.100000000000041        ,   -9.9559244076562773E-007
   25.200000000000042        ,   -9.8493039999352701E-007
   25.300000000000040        ,   -9.7442052948548411E-007
   25.400000000000041        ,   -9.6406011476161662E-007
   25.500000000000043        ,   -9.5384649947470383E-007
   25.600000000000044        ,   -9.4377708395664839E-007
   25.700000000000045        ,   -9.3384932380661279E-007
   25.800000000000047        ,   -9.2406072851925324E-007
   25.900000000000048        ,   -9.1440886015200804E-007
   26.000000000000046        ,   -9.0489133203000467E-007
   26.100000000000048        ,   -8.9550580748748190E-007
   26.200000000000049        ,   -8.8624999864455160E-007
   26.300000000000050        ,   -8.7712166521814800E-007
   26.400000000000052        ,   -8.6811861336617993E-007
   26.500000000000053        ,   -8.5923869456371825E-007
   26.600000000000051        ,   -8.5047980451030692E-007
   26.700000000000053        ,   -8.4183988206741638E-007
   26.800000000000054        ,   -8.3331690822507376E-007
   26.900000000000055        ,   -8.2490890509679103E-007
   27.000000000000057        ,   -8.1661393494188749E-007
   27.100000000000058        ,   -8.0843009921444638E-007
   27.200000000000060        ,   -8.0035553763797300E-007
   27.300000000000058        ,   -7.9238842730507488E-007
   27.400000000000059        ,   -7.8452698180132674E-007
   27.500000000000060        ,   -7.7676945035266148E-007
   27.600000000000062        ,   -7.6911411699550865E-007
   27.700000000000063        ,   -7.6155929976902608E-007
   27.800000000000065        ,   -7.5410334992878717E-007
   27.900000000000066        ,   -7.4674465118123494E-007
   28.000000000000064        ,   -7.3948161893830815E-007
   28.100000000000065        ,   -7.3231269959166423E-007
   28.200000000000067        ,   -7.2523636980588203E-007
   28.300000000000068        ,   -7.1825113583008112E-007
   28.400000000000070        ,   -7.1135553282749224E-007
   28.500000000000071        ,   -7.0454812422233171E-007
   28.600000000000072        ,   -6.9782750106358532E-007
   28.700000000000070        ,   -6.9119228140515862E-007
   28.800000000000072        ,   -6.8464110970191230E-007
   28.900000000000073        ,   -6.7817265622115749E-007
   29.000000000000075        ,   -6.7178561646913702E-007
   29.100000000000076        ,   -6.6547871063208169E-007
   29.200000000000077        ,   -6.5925068303140779E-007
   29.300000000000075        ,   -6.5310030159266469E-007
   29.400000000000077        ,   -6.4702635732786148E-007
   29.500000000000078        ,   -6.4102766383072011E-007
   29.600000000000080        ,   -6.3510305678461121E-007
   29.700000000000081        ,   -6.2925139348267825E-007
   29.800000000000082        ,   -6.2347155235994461E-007
   29.900000000000084        ,   -6.1776243253693390E-007
   30.000000000000082        ,   -6.1212295337461395E-007
   30.100000000000083        ,   -6.0655205404023499E-007
   30.200000000000085        ,   -6.0104869308384882E-007
   30.300000000000086        ,   -5.9561184802514243E-007
   30.400000000000087        ,   -5.9024051495038429E-007
   30.500000000000089        ,   -5.8493370811911738E-007
   30.600000000000090        ,   -5.7969045958039348E-007
   30.700000000000088        ,   -5.7450981879826492E-007
   30.800000000000090        ,   -5.6939085228629784E-007
   30.900000000000091        ,   -5.6433264325083184E-007
   31.000000000000092        ,   -5.5933429124279624E-007
   31.100000000000094        ,   -5.5439491181780068E-007
   31.200000000000095        ,   -5.4951363620433104E-007
   31.300000000000097        ,   -5.4468961097978107E-007
   31.400000000000095        ,   -5.3992199775415967E-007
   31.500000000000096        ,   -5.3520997286122513E-007
   31.600000000000097        ,   -5.3055272705690229E-007
   31.700000000000099        ,   -5.2594946522472270E-007
   31.800000000000100        ,   -5.2139940608817175E-007
   31.900000000000102        ,   -5.1690178192970938E-007
   32.000000000000099        ,   -5.1245583831631002E-007
   32.100000000000101        ,   -5.0806083383137889E-007
   32.200000000000102        ,   -5.0371603981280275E-007
   32.300000000000104        ,   -4.9942074009707103E-007
   32.400000000000105        ,   -4.9517423076923599E-007
   32.500000000000107        ,   -4.9097581991859071E-007
   32.600000000000108        ,   -4.8682482739993402E-007
   32.700000000000109        ,   -4.8272058460024659E-007
   32.800000000000111        ,   -4.7866243421064043E-007
   32.900000000000112        ,   -4.7464973000350413E-007
   33.000000000000114        ,   -4.7068183661461687E-007
   33.100000000000108        ,   -4.6675812933019956E-007
   33.200000000000109        ,   -4.6287799387871515E-007
   33.300000000000111        ,   -4.5904082622731431E-007
   33.400000000000112        ,   -4.5524603238283815E-007
   33.500000000000114        ,   -4.5149302819722162E-007
   33.600000000000115        ,   -4.4778123917720390E-007
   33.700000000000117        ,   -4.4411010029825731E-007
   33.800000000000118        ,   -4.4047905582259911E-007
   33.900000000000119        ,   -4.3688755912121505E-007
   34.000000000000121        ,   -4.3333507249975273E-007
   34.100000000000122        ,   -4.2982106702825604E-007
   34.200000000000124        ,   -4.2634502237456930E-007
   34.300000000000125        ,   -4.2290642664138216E-007
   34.400000000000119        ,   -4.1950477620680424E-007
   34.500000000000121        ,   -4.1613957556836341E-007
   34.600000000000122        ,   -4.1281033719037643E-007
   34.700000000000124        ,   -4.0951658135461306E-007
   34.800000000000125        ,   -4.0625783601411699E-007
   34.900000000000126        ,   -4.0303363665019672E-007
   35.000000000000128        ,   -3.9984352613242375E-007
   35.100000000000129        ,   -3.9668705458164656E-007
   35.200000000000131        ,   -3.9356377923584138E-007
   35.300000000000132        ,   -3.9047326431887954E-007
   35.400000000000134        ,   -3.8741508091198974E-007
   35.500000000000135        ,   -3.8438880682796939E-007
   35.600000000000136        ,   -3.8139402648799563E-007
   35.700000000000138        ,   -3.7843033080104220E-007
   35.800000000000132        ,   -3.7549731704579389E-007
   35.900000000000134        ,   -3.7259458875501563E-007
   36.000000000000135        ,   -3.6972175560232054E-007
   36.100000000000136        ,   -3.6687843329129510E-007
   36.200000000000138        ,   -3.6406424344688847E-007
   36.300000000000139        ,   -3.6127881350904419E-007
   36.400000000000141        ,   -3.5852177662852645E-007
   36.500000000000142        ,   -3.5579277156485788E-007
   36.600000000000144        ,   -3.5309144258635976E-007
   36.700000000000145        ,   -3.5041743937222340E-007
   36.800000000000146        ,   -3.4777041691654552E-007
   36.900000000000148        ,   -3.4515003543435358E-007
   37.000000000000149        ,   -3.4255596026948615E-007
   37.100000000000144        ,   -3.3998786180435629E-007
   37.200000000000145        ,   -3.3744541537151282E-007
   37.300000000000146        ,   -3.3492830116699135E-007
   37.400000000000148        ,   -3.3243620416537400E-007
   37.500000000000149        ,   -3.2996881403656834E-007
   37.600000000000151        ,   -3.2752582506423084E-007
   37.700000000000152        ,   -3.2510693606580036E-007
   37.800000000000153        ,   -3.2271185031413275E-007
   37.900000000000155        ,   -3.2034027546067085E-007
   38.000000000000156        ,   -3.1799192346012618E-007
   38.100000000000158        ,   -3.1566651049664995E-007
   38.200000000000159        ,   -3.1336375691144399E-007
   38.300000000000161        ,   -3.1108338713178753E-007
   38.400000000000162        ,   -3.0882512960144951E-007
   38.500000000000156        ,   -3.0658871671244735E-007
   38.600000000000158        ,   -3.0437388473815049E-007
   38.700000000000159        ,   -3.0218037376765235E-007
   38.800000000000161        ,   -3.0000792764142162E-007
   38.900000000000162        ,   -2.9785629388819938E-007
   39.000000000000163        ,   -2.9572522366309783E-007
   39.100000000000165        ,   -2.9361447168689000E-007
   39.200000000000166        ,   -2.9152379618646404E-007
   39.300000000000168        ,   -2.8945295883640022E-007
   39.400000000000169        ,   -2.8740172470168156E-007
   39.500000000000171        ,   -2.8536986218146468E-007
   39.600000000000172        ,   -2.8335714295394002E-007
   39.700000000000173        ,   -2.8136334192222112E-007
   39.800000000000168        ,   -2.7938823716125080E-007
   39.900000000000169        ,   -2.7743160986572170E-007
   40.000000000000171        ,   -2.7549324429894551E-007
   40.100000000000172        ,   -2.7357292774271254E-007
   40.200000000000173        ,   -2.7167045044806506E-007
   40.300000000000175        ,   -2.6978560558698581E-007
   40.400000000000176        ,   -2.6791818920500207E-007
   40.500000000000178        ,   -2.6606800017464649E-007
   40.600000000000179        ,   -2.6423484014980276E-007
   40.700000000000180        ,   -2.6241851352086342E-007
   40.800000000000182        ,   -2.6061882737074213E-007
   40.900000000000183        ,   -2.5883559143168118E-007
   41.000000000000185        ,   -2.5706861804283671E-007
   41.100000000000186        ,   -2.5531772210866923E-007
   41.200000000000180        ,   -2.5358272105806638E-007
   41.300000000000182        ,   -2.5186343480422242E-007
   41.400000000000183        ,   -2.5015968570523813E-007
   41.500000000000185        ,   -2.4847129852544503E-007
   41.600000000000186        ,   -2.4679810039742029E-007
   41.700000000000188        ,   -2.4513992078468032E-007
   41.800000000000189        ,   -2.4349659144506965E-007
   41.900000000000190        ,   -2.4186794639477315E-007
   42.000000000000192        ,   -2.4025382187299534E-007
   42.100000000000193        ,   -2.3865405630727172E-007
   42.200000000000195        ,   -2.3706849027937753E-007
   42.300000000000196        ,   -2.3549696649187173E-007
   42.400000000000198        ,   -2.3393932973520974E-007
   42.500000000000192        ,   -2.3239542685544705E-007
   42.600000000000193        ,   -2.3086510672252136E-007
   42.700000000000195        ,   -2.2934822019908215E-007
   42.800000000000196        ,   -2.2784462010986966E-007
   42.900000000000198        ,   -2.2635416121164081E-007
   43.000000000000199        ,   -2.2487670016361265E-007
   43.100000000000200        ,   -2.2341209549842030E-007
   43.200000000000202        ,   -2.2196020759358920E-007
   43.300000000000203        ,   -2.2052089864349849E-007
   43.400000000000205        ,   -2.1909403263183208E-007
   43.500000000000206        ,   -2.1767947530450393E-007
   43.600000000000207        ,   -2.1627709414305621E-007
   43.700000000000209        ,   -2.1488675833851384E-007
   43.800000000000210        ,   -2.1350833876568040E-007
   43.900000000000205        ,   -2.1214170795789722E-007
   44.000000000000206        ,   -2.1078674008220638E-007
   44.100000000000207        ,   -2.0944331091496186E-007
   44.200000000000209        ,   -2.0811129781783913E-007
   44.300000000000210        ,   -2.0679057971426836E-007
   44.400000000000212        ,   -2.0548103706625559E-007
   44.500000000000213        ,   -2.0418255185159894E-007
   44.600000000000215        ,   -2.0289500754150233E-007
   44.700000000000216        ,   -2.0161828907854287E-007
   44.800000000000217        ,   -2.0035228285503271E-007
   44.900000000000219        ,   -1.9909687669173385E-007
   45.000000000000220        ,   -1.9785195981692447E-007
   45.100000000000222        ,   -1.9661742284582851E-007
   45.200000000000216        ,   -1.9539315776037816E-007
   45.300000000000217        ,   -1.9417905788931739E-007
   45.400000000000219        ,   -1.9297501788863473E-007
   45.500000000000220        ,   -1.9178093372232358E-007
   45.600000000000222        ,   -1.9059670264345819E-007
   45.700000000000223        ,   -1.8942222317558183E-007
   45.800000000000225        ,   -1.8825739509440282E-007
   45.900000000000226        ,   -1.8710211940979370E-007
   46.000000000000227        ,   -1.8595629834808220E-007
   46.100000000000229        ,   -1.8481983533463426E-007
   46.200000000000230        ,   -1.8369263497672274E-007
   46.300000000000232        ,   -1.8257460304667312E-007
   46.400000000000233        ,   -1.8146564646528034E-007
   46.500000000000234        ,   -1.8036567328551058E-007
   46.600000000000229        ,   -1.7927459267644639E-007
   46.700000000000230        ,   -1.7819231490750307E-007
   46.800000000000232        ,   -1.7711875133290092E-007
   46.900000000000233        ,   -1.7605381437638315E-007
   47.000000000000234        ,   -1.7499741751618248E-007
   47.100000000000236        ,   -1.7394947527022571E-007
   47.200000000000237        ,   -1.7290990318158073E-007
   47.300000000000239        ,   -1.7187861780413095E-007
   47.400000000000240        ,   -1.7085553668847620E-007
   47.500000000000242        ,   -1.6984057836807067E-007
   47.600000000000243        ,   -1.6883366234556528E-007
   47.700000000000244        ,   -1.6783470907937485E-007
   47.800000000000246        ,   -1.6684363997046195E-007
   47.900000000000240        ,   -1.6586037734931374E-007
   48.000000000000242        ,   -1.6488484446314705E-007
   48.100000000000243        ,   -1.6391696546329336E-007
   48.200000000000244        ,   -1.6295666539279223E-007
   48.300000000000246        ,   -1.6200387017417870E-007
   48.400000000000247        ,   -1.6105850659746305E-007
   48.500000000000249        ,   -1.6012050230829030E-007
   48.600000000000250        ,   -1.5918978579629207E-007
   48.700000000000252        ,   -1.5826628638361823E-007
   48.800000000000253        ,   -1.5734993421364253E-007
   48.900000000000254        ,   -1.5644066023984686E-007
   49.000000000000256        ,   -1.5553839621487514E-007
   49.100000000000257        ,   -1.5464307467975823E-007
   49.200000000000259        ,   -1.5375462895330376E-007
   49.300000000000253        ,   -1.5287299312164618E-007
   49.400000000000254        ,   -1.5199810202796345E-007
   49.500000000000256        ,   -1.5112989126234154E-007
   49.600000000000257        ,   -1.5026829715180516E-007
   49.700000000000259        ,   -1.4941325675049217E-007
   49.800000000000260        ,   -1.4856470782997866E-007
   49.900000000000261        ,   -1.4772258886975513E-007
   50.000000000000263        ,   -1.4688683904784189E-007
   50.100000000000264        ,   -1.4605739823155095E-007
   50.200000000000266        ,   -1.4523420696838277E-007
   50.300000000000267        ,   -1.4441720647706441E-007
   50.400000000000269        ,   -1.4360633863872127E-007
   50.500000000000270        ,   -1.4280154598817725E-007
   50.600000000000264        ,   -1.4200277170539574E-007
   50.700000000000266        ,   -1.4120995960703420E-007
   50.800000000000267        ,   -1.4042305413813731E-007
   50.900000000000269        ,   -1.3964200036394743E-007
   51.000000000000270        ,   -1.3886674396183833E-007
   51.100000000000271        ,   -1.3809723121336960E-007
   51.200000000000273        ,   -1.3733340899645790E-007
   51.300000000000274        ,   -1.3657522477766315E-007
   51.400000000000276        ,   -1.3582262660459100E-007
   51.500000000000277        ,   -1.3507556309840354E-007
   51.600000000000279        ,   -1.3433398344644556E-007
   51.700000000000280        ,   -1.3359783739497376E-007
   51.800000000000281        ,   -1.3286707524199499E-007
   51.900000000000283        ,   -1.3214164783021030E-007
   52.000000000000277        ,   -1.3142150654005892E-007
   52.100000000000279        ,   -1.3070660328286572E-007
   52.200000000000280        ,   -1.2999689049408876E-007
   52.300000000000281        ,   -1.2929232112666419E-007
   52.400000000000283        ,   -1.2859284864444664E-007
   52.500000000000284        ,   -1.2789842701574458E-007
   52.600000000000286        ,   -1.2720901070695553E-007
   52.700000000000287        ,   -1.2652455467627748E-007
   52.800000000000288        ,   -1.2584501436752839E-007
   52.900000000000290        ,   -1.2517034570404649E-007
   53.000000000000291        ,   -1.2450050508267239E-007
   53.100000000000293        ,   -1.2383544936783079E-007
   53.200000000000294        ,   -1.2317513588568293E-007
   53.300000000000288        ,   -1.2251952241837226E-007
   53.400000000000290        ,   -1.2186856719834746E-007
   53.500000000000291        ,   -1.2122222890276563E-007
   53.600000000000293        ,   -1.2058046664797862E-007
   53.700000000000294        ,   -1.1994323998409420E-007
   53.800000000000296        ,   -1.1931050888961328E-007
   53.900000000000297        ,   -1.1868223376614701E-007
   54.000000000000298        ,   -1.1805837543320584E-007
   54.100000000000300        ,   -1.1743889512305839E-007
   54.200000000000301        ,   -1.1682375447566841E-007
   54.300000000000303        ,   -1.1621291553370223E-007
   54.400000000000304        ,   -1.1560634073759755E-007
   54.500000000000306        ,   -1.1500399292071388E-007
   54.600000000000307        ,   -1.1440583530454049E-007
   54.700000000000301        ,   -1.1381183149397647E-007
   54.800000000000303        ,   -1.1322194547267143E-007
   54.900000000000304        ,   -1.1263614159843654E-007
   55.000000000000306        ,   -1.1205438459871743E-007
   55.100000000000307        ,   -1.1147663956612460E-007
   55.200000000000308        ,   -1.1090287195403287E-007
   55.300000000000310        ,   -1.1033304757223481E-007
   55.400000000000311        ,   -1.0976713258266108E-007
   55.500000000000313        ,   -1.0920509349515182E-007
   55.600000000000314        ,   -1.0864689716329090E-007
   55.700000000000315        ,   -1.0809251078029522E-007
   55.800000000000317        ,   -1.0754190187496350E-007
   55.900000000000318        ,   -1.0699503830767158E-007
   56.000000000000313        ,   -1.0645188826643555E-007
   56.100000000000314        ,   -1.0591242026301295E-007
   56.200000000000315        ,   -1.0537660312907102E-007
   56.300000000000317        ,   -1.0484440601239769E-007
   56.400000000000318        ,   -1.0431579837316618E-007
   56.500000000000320        ,   -1.0379074998025173E-007
   56.600000000000321        ,   -1.0326923090759454E-007
   56.700000000000323        ,   -1.0275121153061682E-007
   56.800000000000324        ,   -1.0223666252268063E-007
   56.900000000000325        ,   -1.0172555485160125E-007
   57.000000000000327        ,   -1.0121785977619745E-007
   57.100000000000328        ,   -1.0071354884290201E-007
   57.200000000000330        ,   -1.0021259388239979E-007
   57.300000000000331        ,   -9.9714967006325976E-008
   57.400000000000325        ,   -9.9220640604000034E-008
   57.500000000000327        ,   -9.8729587339202452E-008
   57.600000000000328        ,   -9.8241780147000473E-008
   57.700000000000330        ,   -9.7757192230608057E-008
   57.800000000000331        ,   -9.7275797058294378E-008
   57.900000000000333        ,   -9.6797568360326213E-008
   58.000000000000334        ,   -9.6322480125958195E-008
   58.100000000000335        ,   -9.5850506600452535E-008
   58.200000000000337        ,   -9.5381622282150425E-008
   58.300000000000338        ,   -9.4915801919570924E-008
   58.400000000000340        ,   -9.4453020508550692E-008
   58.500000000000341        ,   -9.3993253289426663E-008
   58.600000000000342        ,   -9.3536475744246333E-008
   58.700000000000337        ,   -9.3082663594022997E-008
   58.800000000000338        ,   -9.2631792796018553E-008
   58.900000000000340        ,   -9.2183839541068935E-008
   59.000000000000341        ,   -9.1738780250937581E-008
   59.100000000000342        ,   -9.1296591575709235E-008
   59.200000000000344        ,   -9.0857250391212276E-008
   59.300000000000345        ,   -9.0420733796475877E-008
   59.400000000000347        ,   -8.9987019111222983E-008
   59.500000000000348        ,   -8.9556083873390503E-008
   59.600000000000350        ,   -8.9127905836683742E-008
   59.700000000000344        ,   -8.8702462968161363E-008
   59.800000000000338        ,   -8.8279733445853544E-008
   59.900000000000333        ,   -8.7859695656408407E-008
   60.000000000000327        ,   -8.7442328192766324E-008
   60.100000000000321        ,   -8.7027609851868157E-008
   60.200000000000315        ,   -8.6615519632390830E-008
   60.300000000000310        ,   -8.6206036732511045E-008
   60.400000000000304        ,   -8.5799140547695002E-008
   60.500000000000298        ,   -8.5394810668522703E-008
   60.600000000000293        ,   -8.4993026878533891E-008
   60.700000000000287        ,   -8.4593769152101606E-008
   60.800000000000281        ,   -8.4197017652334541E-008
   60.900000000000276        ,   -8.3802752729006939E-008
   61.000000000000270        ,   -8.3410954916507433E-008
   61.100000000000264        ,   -8.3021604931823850E-008
   61.200000000000259        ,   -8.2634683672544200E-008
   61.300000000000253        ,   -8.2250172214889427E-008
   61.400000000000247        ,   -8.1868051811761928E-008
   61.500000000000242        ,   -8.1488303890830912E-008
   61.600000000000236        ,   -8.1110910052628521E-008
   61.700000000000230        ,   -8.0735852068678538E-008
   61.800000000000225        ,   -8.0363111879645908E-008
   61.900000000000219        ,   -7.9992671593504569E-008
   62.000000000000213        ,   -7.9624513483736089E-008
   62.100000000000207        ,   -7.9258619987543553E-008
   62.200000000000202        ,   -7.8894973704090884E-008
   62.300000000000196        ,   -7.8533557392762641E-008
   62.400000000000190        ,   -7.8174353971446502E-008
   62.500000000000185        ,   -7.7817346514831958E-008
   62.600000000000179        ,   -7.7462518252739354E-008
   62.700000000000173        ,   -7.7109852568458607E-008
   62.800000000000168        ,   -7.6759332997115240E-008
   62.900000000000162        ,   -7.6410943224054482E-008
   63.000000000000156        ,   -7.6064667083242781E-008
   63.100000000000151        ,   -7.5720488555692275E-008
   63.200000000000145        ,   -7.5378391767902154E-008
   63.300000000000139        ,   -7.5038360990318571E-008
   63.400000000000134        ,   -7.4700380635815954E-008
   63.500000000000128        ,   -7.4364435258191411E-008
   63.600000000000122        ,   -7.4030509550684470E-008
   63.700000000000117        ,   -7.3698588344506833E-008
   63.800000000000111        ,   -7.3368656607395425E-008
   63.900000000000105        ,   -7.3040699442181538E-008
   64.000000000000099        ,   -7.2714702085374228E-008
   64.100000000000094        ,   -7.2390649905765087E-008
   64.200000000000088        ,   -7.2068528403046642E-008
   64.300000000000082        ,   -7.1748323206447600E-008
   64.400000000000077        ,   -7.1430020073385351E-008
   64.500000000000071        ,   -7.1113604888133795E-008
   64.600000000000065        ,   -7.0799063660506036E-008
   64.700000000000060        ,   -7.0486382524555721E-008
   64.800000000000054        ,   -7.0175547737289629E-008
   64.900000000000048        ,   -6.9866545677398509E-008
   65.000000000000043        ,   -6.9559362844002697E-008
   65.100000000000037        ,   -6.9253985855410346E-008
   65.200000000000031        ,   -6.8950401447891333E-008
   65.300000000000026        ,   -6.8648596474467264E-008
   65.400000000000020        ,   -6.8348557903714691E-008
   65.500000000000014        ,   -6.8050272818578779E-008
   65.600000000000009        ,   -6.7753728415207191E-008
   65.700000000000003        ,   -6.7458912001793030E-008
   65.799999999999997        ,   -6.7165810997432428E-008
   65.899999999999991        ,   -6.6874412930995968E-008
   65.999999999999986        ,   -6.6584705440012452E-008
   66.099999999999980        ,   -6.6296676269566042E-008
   66.199999999999974        ,   -6.6010313271206626E-008
   66.299999999999969        ,   -6.5725604401871283E-008
   66.399999999999963        ,   -6.5442537722820463E-008
   66.499999999999957        ,   -6.5161101398584674E-008
   66.599999999999952        ,   -6.4881283695922843E-008
   66.699999999999946        ,   -6.4603072982794656E-008
   66.799999999999940        ,   -6.4326457727344167E-008
   66.899999999999935        ,   -6.4051426496893144E-008
   66.999999999999929        ,   -6.3777967956948048E-008
   67.099999999999923        ,   -6.3506070870218319E-008
   67.199999999999918        ,   -6.3235724095644012E-008
   67.299999999999912        ,   -6.2966916587435875E-008
   67.399999999999906        ,   -6.2699637394127824E-008
   67.499999999999901        ,   -6.2433875657637093E-008
   67.599999999999895        ,   -6.2169620612336613E-008
   67.699999999999889        ,   -6.1906861584137834E-008
   67.799999999999883        ,   -6.1645587989585117E-008
   67.899999999999878        ,   -6.1385789334957968E-008
   67.999999999999872        ,   -6.1127455215384224E-008
   68.099999999999866        ,   -6.0870575313965874E-008
   68.199999999999861        ,   -6.0615139400909791E-008
   68.299999999999855        ,   -6.0361137332672429E-008
   68.399999999999849        ,   -6.0108559051113701E-008
   68.499999999999844        ,   -5.9857394582655400E-008
   68.599999999999838        ,   -5.9607634037457712E-008
   68.699999999999832        ,   -5.9359267608596440E-008
   68.799999999999827        ,   -5.9112285571256266E-008
   68.899999999999821        ,   -5.8866678281925841E-008
   68.999999999999815        ,   -5.8622436177610243E-008
   69.099999999999810        ,   -5.8379549775044877E-008
   69.199999999999804        ,   -5.8138009669921369E-008
   69.299999999999798        ,   -5.7897806536122381E-008
   69.399999999999793        ,   -5.7658931124964903E-008
   69.499999999999787        ,   -5.7421374264448817E-008
   69.599999999999781        ,   -5.7185126858519349E-008
   69.699999999999775        ,   -5.6950179886331145E-008
   69.799999999999770        ,   -5.6716524401525630E-008
   69.899999999999764        ,   -5.6484151531515659E-008
   69.999999999999758        ,   -5.6253052476773416E-008
   70.099999999999753        ,   -5.6023218510132516E-008
   70.199999999999747        ,   -5.5794640976093890E-008
   70.299999999999741        ,   -5.5567311290137908E-008
   70.399999999999736        ,   -5.5341220938050942E-008
   70.499999999999730        ,   -5.5116361475249846E-008
   70.599999999999724        ,   -5.4892724526121709E-008
   70.699999999999719        ,   -5.4670301783364497E-008
   70.799999999999713        ,   -5.4449085007342383E-008
   70.899999999999707        ,   -5.4229066025438077E-008
   70.999999999999702        ,   -5.4010236731423294E-008
   71.099999999999696        ,   -5.3792589084826070E-008
   71.199999999999690        ,   -5.3576115110310818E-008
   71.299999999999685        ,   -5.3360806897065120E-008
   71.399999999999679        ,   -5.3146656598189268E-008
   71.499999999999673        ,   -5.2933656430095827E-008
   71.599999999999667        ,   -5.2721798671913718E-008
   71.699999999999662        ,   -5.2511075664900614E-008
   71.799999999999656        ,   -5.2301479811858948E-008
   71.899999999999650        ,   -5.2093003576561298E-008
   71.999999999999645        ,   -5.1885639483179237E-008
   72.099999999999639        ,   -5.1679380115719885E-008
   72.199999999999633        ,   -5.1474218117466905E-008
   72.299999999999628        ,   -5.1270146190430406E-008
   72.399999999999622        ,   -5.1067157094798945E-008
   72.499999999999616        ,   -5.0865243648399142E-008
   72.599999999999611        ,   -5.0664398726163540E-008
   72.699999999999605        ,   -5.0464615259598276E-008
   72.799999999999599        ,   -5.0265886236261879E-008
   72.899999999999594        ,   -5.0068204699246418E-008
   72.999999999999588        ,   -4.9871563746665063E-008
   73.099999999999582        ,   -4.9675956531146456E-008
   73.199999999999577        ,   -4.9481376259331173E-008
   73.299999999999571        ,   -4.9287816191376704E-008
   73.399999999999565        ,   -4.9095269640465415E-008
   73.499999999999559        ,   -4.8903729972318459E-008
   73.599999999999554        ,   -4.8713190604715411E-008
   73.699999999999548        ,   -4.8523645007018589E-008
   73.799999999999542        ,   -4.8335086699700410E-008
   73.899999999999537        ,   -4.8147509253879678E-008
   73.999999999999531        ,   -4.7960906290857851E-008
   74.099999999999525        ,   -4.7775271481664663E-008
   74.199999999999520        ,   -4.7590598546605763E-008
   74.299999999999514        ,   -4.7406881254815099E-008
   74.399999999999508        ,   -4.7224113423813060E-008
   74.499999999999503        ,   -4.7042288919069597E-008
   74.599999999999497        ,   -4.6861401653568601E-008
   74.699999999999491        ,   -4.6681445587381872E-008
   74.799999999999486        ,   -4.6502414727242088E-008
   74.899999999999480        ,   -4.6324303126124813E-008
   74.999999999999474        ,   -4.6147104882831924E-008
   75.099999999999469        ,   -4.5970814141580262E-008
   75.199999999999463        ,   -4.5795425091594385E-008
   75.299999999999457        ,   -4.5620931966702599E-008
   75.399999999999437        ,   -4.5447329044940536E-008
   75.499999999999432        ,   -4.5274610648153477E-008
   75.599999999999426        ,   -4.5102771141607193E-008
   75.699999999999420        ,   -4.4931804933600342E-008
   75.799999999999415        ,   -4.4761706475081841E-008
   75.899999999999409        ,   -4.4592470259272217E-008
   75.999999999999403        ,   -4.4424090821287113E-008
   76.099999999999397        ,   -4.4256562737767414E-008
   76.199999999999392        ,   -4.4089880626510025E-008
   76.299999999999386        ,   -4.3924039146106042E-008
   76.399999999999380        ,   -4.3759032995578801E-008
   76.499999999999375        ,   -4.3594856914027266E-008
   76.599999999999369        ,   -4.3431505680273864E-008
   76.699999999999363        ,   -4.3268974112514907E-008
   76.799999999999358        ,   -4.3107257067974185E-008
   76.899999999999352        ,   -4.2946349442560271E-008
   76.999999999999346        ,   -4.2786246170527845E-008
   77.099999999999341        ,   -4.2626942224142821E-008
   77.199999999999335        ,   -4.2468432613348328E-008
   77.299999999999329        ,   -4.2310712385436303E-008
   77.399999999999324        ,   -4.2153776624723039E-008
   77.499999999999318        ,   -4.1997620452224797E-008
   77.599999999999312        ,   -4.1842239025339816E-008
   77.699999999999307        ,   -4.1687627537531277E-008
   77.799999999999301        ,   -4.1533781218015381E-008
   77.899999999999295        ,   -4.1380695331451216E-008
   77.999999999999289        ,   -4.1228365177632104E-008
   78.099999999999284        ,   -4.1076786091185429E-008
   78.199999999999278        ,   -4.0925953441268623E-008
   78.299999999999272        ,   -4.0775862631272139E-008
   78.399999999999267        ,   -4.0626509098526220E-008
   78.499999999999261        ,   -4.0477888314006440E-008
   78.599999999999255        ,   -4.0329995782046534E-008
   78.699999999999250        ,   -4.0182827040050773E-008
   78.799999999999244        ,   -4.0036377658211926E-008
   78.899999999999238        ,   -3.9890643239229228E-008
   78.999999999999233        ,   -3.9745619418030253E-008
   79.099999999999227        ,   -3.9601301861497257E-008
   79.199999999999221        ,   -3.9457686268193694E-008
   79.299999999999216        ,   -3.9314768368093537E-008
   79.399999999999210        ,   -3.9172543922315528E-008
   79.499999999999204        ,   -3.9031008722857014E-008
   79.599999999999199        ,   -3.8890158592332943E-008
   79.699999999999193        ,   -3.8749989383715626E-008
   79.799999999999187        ,   -3.8610496980077688E-008
   79.899999999999181        ,   -3.8471677294338577E-008
   79.999999999999176        ,   -3.8333526269010145E-008
