  0.10000000000000001      , -0.71456203427027842     
  0.20000000000000001      , -0.17812720430242049     
  0.29999999999999999      ,  -7.8875384502171894E-002
  0.40000000000000002      ,  -4.4179341646472567E-002
  0.50000000000000000      ,  -2.8143894868208015E-002
  0.59999999999999998      ,  -1.9448266834362113E-002
  0.69999999999999996      ,  -1.4215157510200775E-002
  0.79999999999999993      ,  -1.0825795295168314E-002
  0.89999999999999991      ,  -8.5072931546915070E-003
  0.99999999999999989      ,  -6.8528414777054725E-003
   1.0999999999999999      ,  -5.6318028523012721E-003
   1.2000000000000000      ,  -4.7055289933061696E-003
   1.3000000000000000      ,  -3.9866209587304125E-003
   1.4000000000000001      ,  -3.4177808181630452E-003
   1.5000000000000002      ,  -2.9601840472230222E-003
   1.6000000000000003      ,  -2.5867721922942285E-003
   1.7000000000000004      ,  -2.2782229347895803E-003
   1.8000000000000005      ,  -2.0204425168753137E-003
   1.9000000000000006      ,  -1.8029572078667273E-003
   2.0000000000000004      ,  -1.6178535386828364E-003
   2.1000000000000005      ,  -1.4590633810879332E-003
   2.2000000000000006      ,  -1.3218713874450885E-003
   2.3000000000000007      ,  -1.2025691527273237E-003
   2.4000000000000008      ,  -1.0982082152810374E-003
   2.5000000000000009      ,  -1.0064208978296822E-003
   2.6000000000000010      ,  -9.2528851070868673E-004
   2.7000000000000011      ,  -8.5324313782006759E-004
   2.8000000000000012      ,  -7.8899357577731774E-004
   2.9000000000000012      ,  -7.3146887304288515E-004
   3.0000000000000013      ,  -6.7977484958044382E-004
   3.1000000000000014      ,  -6.3316029759048070E-004
   3.2000000000000015      ,  -5.9099047785720357E-004
   3.3000000000000016      ,  -5.5272616739015482E-004
   3.4000000000000017      ,  -5.1790696934773711E-004
   3.5000000000000018      ,  -4.8613792325669010E-004
   3.6000000000000014      ,  -4.5707869094636200E-004
   3.7000000000000015      ,  -4.3043476768785653E-004
   3.8000000000000016      ,  -4.0595029686284201E-004
   3.9000000000000017      ,  -3.8340216268484696E-004
   4.0000000000000018      ,  -3.6259510792377913E-004
   4.1000000000000023      ,  -3.4335767854535470E-004
   4.2000000000000020      ,  -3.2553883919382462E-004
   4.3000000000000025      ,  -3.0900513579387631E-004
   4.4000000000000021      ,  -2.9363830661777884E-004
   4.5000000000000027      ,  -2.7933326271709357E-004
   4.6000000000000023      ,  -2.6599637396081973E-004
   4.7000000000000020      ,  -2.5354400902973624E-004
   4.8000000000000025      ,  -2.4190128732424340E-004
   4.9000000000000021      ,  -2.3100100840631627E-004
   5.0000000000000027      ,  -2.2078273073942054E-004
   5.1000000000000023      ,  -2.1119197643842461E-004
   5.2000000000000028      ,  -2.0217954274526608E-004
   5.3000000000000025      ,  -1.9370090420002219E-004
   5.4000000000000030      ,  -1.8571569213263211E-004
   5.5000000000000027      ,  -1.7818724027641260E-004
   5.6000000000000032      ,  -1.7108218709455423E-004
   5.7000000000000028      ,  -1.6437012688858468E-004
   5.8000000000000034      ,  -1.5802330298247261E-004
   5.9000000000000030      ,  -1.5201633729423255E-004
   6.0000000000000036      ,  -1.4632599145640148E-004
   6.1000000000000032      ,  -1.4093095535767391E-004
   6.2000000000000037      ,  -1.3581165957490932E-004
   6.3000000000000034      ,  -1.3095010866722809E-004
   6.4000000000000039      ,  -1.2632973272839448E-004
   6.5000000000000036      ,  -1.2193525495304372E-004
   6.6000000000000041      ,  -1.1775257327753106E-004
   6.7000000000000037      ,  -1.1376865441594206E-004
   6.8000000000000034      ,  -1.0997143883359627E-004
   6.9000000000000039      ,  -1.0634975539007380E-004
   7.0000000000000036      ,  -1.0289324454649371E-004
   7.1000000000000041      ,  -9.9592289171673224E-005
   7.2000000000000037      ,  -9.6437952102258523E-005
   7.3000000000000043      ,  -9.3421919715968666E-005
   7.4000000000000039      ,  -9.0536450867106388E-005
   7.5000000000000044      ,  -8.7774330611523283E-005
   7.6000000000000032      ,  -8.5128828216026213E-005
   7.7000000000000028      ,  -8.2593659006203571E-005
   7.8000000000000016      ,  -8.0162949658126276E-005
   7.9000000000000012      ,  -7.7831206584307760E-005
   8.0000000000000000      ,  -7.5593287103666246E-005
   8.0999999999999996      ,  -7.3444373119703669E-005
   8.1999999999999993      ,  -7.1379947061431416E-005
   8.2999999999999989      ,  -6.9395769868176054E-005
   8.3999999999999968      ,  -6.7487860822916217E-005
   8.4999999999999964      ,  -6.5652479059472309E-005
   8.5999999999999961      ,  -6.3886106587212124E-005
   8.6999999999999957      ,  -6.2185432693103530E-005
   8.7999999999999936      ,  -6.0547339595339711E-005
   8.8999999999999932      ,  -5.8968889235480269E-005
   8.9999999999999929      ,  -5.7447311107395881E-005
   9.0999999999999925      ,  -5.5979991031390490E-005
   9.1999999999999922      ,  -5.4564460790852796E-005
   9.2999999999999901      ,  -5.3198388556817961E-005
   9.3999999999999897      ,  -5.1879570032981215E-005
   9.4999999999999893      ,  -5.0605920260119587E-005
   9.5999999999999890      ,  -4.9375466024616677E-005
   9.6999999999999869      ,  -4.8186338820941792E-005
   9.7999999999999865      ,  -4.7036768322546381E-005
   9.8999999999999861      ,  -4.5925076319810597E-005
   9.9999999999999858      ,  -4.4849671087398302E-005
   10.099999999999985      ,  -4.3809042146757872E-005
   10.199999999999983      ,  -4.2801755392533124E-005
   10.299999999999983      ,  -4.1826448554402615E-005
   10.399999999999983      ,  -4.0881826968328170E-005
   10.499999999999982      ,  -3.9966659633447639E-005
   10.599999999999980      ,  -3.9079775532867814E-005
   10.699999999999980      ,  -3.8220060198454149E-005
   10.799999999999979      ,  -3.7386452501380750E-005
   10.899999999999979      ,  -3.6577941651721413E-005
   10.999999999999977      ,  -3.5793564391734873E-005
   11.099999999999977      ,  -3.5032402368751971E-005
   11.199999999999976      ,  -3.4293579674708569E-005
   11.299999999999976      ,  -3.3576260540412783E-005
   11.399999999999975      ,  -3.2879647173573068E-005
   11.499999999999973      ,  -3.2202977730486791E-005
   11.599999999999973      ,  -3.1545524412070833E-005
   11.699999999999973      ,  -3.0906591675643191E-005
   11.799999999999972      ,  -3.0285514554521017E-005
   11.899999999999970      ,  -2.9681657078105806E-005
   11.999999999999970      ,  -2.9094410785682047E-005
   12.099999999999969      ,  -2.8523193327660549E-005
   12.199999999999969      ,  -2.7967447148466262E-005
   12.299999999999969      ,  -2.7426638245696404E-005
   12.399999999999967      ,  -2.6900255000569305E-005
   12.499999999999966      ,  -2.6387807075044477E-005
   12.599999999999966      ,  -2.5888824371329765E-005
   12.699999999999966      ,  -2.5402856049792930E-005
   12.799999999999963      ,  -2.4929469601584078E-005
   12.899999999999963      ,  -2.4468249972529120E-005
   12.999999999999963      ,  -2.4018798735098593E-005
   13.099999999999962      ,  -2.3580733305475951E-005
   13.199999999999960      ,  -2.3153686202956711E-005
   13.299999999999960      ,  -2.2737304349093744E-005
   13.399999999999959      ,  -2.2331248404186916E-005
   13.499999999999959      ,  -2.1935192138868928E-005
   13.599999999999959      ,  -2.1548821838696751E-005
   13.699999999999957      ,  -2.1171835739790650E-005
   13.799999999999956      ,  -2.0803943493696003E-005
   13.899999999999956      ,  -2.0444865659761310E-005
   13.999999999999956      ,  -2.0094333223435554E-005
   14.099999999999953      ,  -1.9752087138992260E-005
   14.199999999999953      ,  -1.9417877895283240E-005
   14.299999999999953      ,  -1.9091465103213363E-005
   14.399999999999952      ,  -1.8772617103711585E-005
   14.499999999999952      ,  -1.8461110595046862E-005
   14.599999999999950      ,  -1.8156730278416010E-005
   14.699999999999950      ,  -1.7859268520788751E-005
   14.799999999999949      ,  -1.7568525034065217E-005
   14.899999999999949      ,  -1.7284306569653309E-005
   14.999999999999948      ,  -1.7006426627631141E-005
   15.099999999999950      ,  -1.6734705179708334E-005
   15.199999999999951      ,  -1.6468968405246837E-005
   15.299999999999951      ,  -1.6209048439647869E-005
   15.399999999999952      ,  -1.5954783134450934E-005
   15.499999999999954      ,  -1.5706015828529424E-005
   15.599999999999955      ,  -1.5462595129803957E-005
   15.699999999999955      ,  -1.5224374706927882E-005
   15.799999999999956      ,  -1.4991213090431484E-005
   15.899999999999958      ,  -1.4762973482839138E-005
   15.999999999999957      ,  -1.4539523577303816E-005
   16.099999999999959      ,  -1.4320735384326621E-005
   16.199999999999960      ,  -1.4106485066155921E-005
   16.299999999999962      ,  -1.3896652778480974E-005
   16.399999999999963      ,  -1.3691122519057943E-005
   16.499999999999961      ,  -1.3489781982925927E-005
   16.599999999999962      ,  -1.3292522423889070E-005
   16.699999999999964      ,  -1.3099238521958008E-005
   16.799999999999965      ,  -1.2909828256463143E-005
   16.899999999999967      ,  -1.2724192784563946E-005
   16.999999999999968      ,  -1.2542236324896335E-005
   17.099999999999969      ,  -1.2363866046113174E-005
   17.199999999999967      ,  -1.2188991960084627E-005
   17.299999999999969      ,  -1.2017526819539555E-005
   17.399999999999970      ,  -1.1849386019938934E-005
   17.499999999999972      ,  -1.1684487505384391E-005
   17.599999999999973      ,  -1.1522751678373631E-005
   17.699999999999974      ,  -1.1364101313226387E-005
   17.799999999999976      ,  -1.1208461473011924E-005
   17.899999999999974      ,  -1.1055759429817817E-005
   17.999999999999975      ,  -1.0905924588209087E-005
   18.099999999999977      ,  -1.0758888411733471E-005
   18.199999999999978      ,  -1.0614584352335256E-005
   18.299999999999979      ,  -1.0472947782549067E-005
   18.399999999999981      ,  -1.0333915930348843E-005
   18.499999999999979      ,  -1.0197427816535299E-005
   18.599999999999980      ,  -1.0063424194550300E-005
   18.699999999999982      ,  -9.9318474926112235E-006
   18.799999999999983      ,  -9.8026417580657857E-006
   18.899999999999984      ,  -9.6757526038694563E-006
   18.999999999999986      ,  -9.5511271570956021E-006
   19.099999999999987      ,  -9.4287140093900362E-006
   19.199999999999985      ,  -9.3084631692882686E-006
   19.299999999999986      ,  -9.1903260163149779E-006
   19.399999999999988      ,  -9.0742552567921621E-006
   19.499999999999989      ,  -8.9602048812826892E-006
   19.599999999999991      ,  -8.8481301236019644E-006
   19.699999999999992      ,  -8.7379874213320056E-006
   19.799999999999994      ,  -8.6297343777759586E-006
   19.899999999999991      ,  -8.5233297252935108E-006
   19.999999999999993      ,  -8.4187332899609143E-006
   20.099999999999994      ,  -8.3159059575016830E-006
   20.199999999999996      ,  -8.2148096404358848E-006
   20.299999999999997      ,  -8.1154072463991241E-006
   20.399999999999999      ,  -8.0176626475847069E-006
   20.500000000000000      ,  -7.9215406512630262E-006
   20.599999999999998      ,  -7.8270069713361024E-006
   20.699999999999999      ,  -7.7340282008860699E-006
   20.800000000000001      ,  -7.6425717856780845E-006
   20.900000000000002      ,  -7.5526059985807379E-006
   21.000000000000004      ,  -7.4640999148676105E-006
   21.100000000000005      ,  -7.3770233883660482E-006
   21.200000000000003      ,  -7.2913470284202468E-006
   21.300000000000004      ,  -7.2070421776370795E-006
   21.400000000000006      ,  -7.1240808903850544E-006
   21.500000000000007      ,  -7.0424359120172527E-006
   21.600000000000009      ,  -6.9620806587908786E-006
   21.700000000000010      ,  -6.8829891984571877E-006
   21.800000000000011      ,  -6.8051362314961446E-006
   21.900000000000009      ,  -6.7284970729722257E-006
   22.000000000000011      ,  -6.6530476349875170E-006
   22.100000000000012      ,  -6.5787644097104417E-006
   22.200000000000014      ,  -6.5056244529584493E-006
   22.300000000000015      ,  -6.4336053683143895E-006
   22.400000000000016      ,  -6.3626852917571816E-006
   22.500000000000018      ,  -6.2928428767874300E-006
   22.600000000000016      ,  -6.2240572800307755E-006
   22.700000000000017      ,  -6.1563081473008100E-006
   22.800000000000018      ,  -6.0895756001058153E-006
   22.900000000000020      ,  -6.0238402225826886E-006
   23.000000000000021      ,  -5.9590830488432363E-006
   23.100000000000023      ,  -5.8952855507179218E-006
   23.200000000000024      ,  -5.8324296258830764E-006
   23.300000000000022      ,  -5.7704975863579870E-006
   23.400000000000023      ,  -5.7094721473588320E-006
   23.500000000000025      ,  -5.6493364164971484E-006
   23.600000000000026      ,  -5.5900738833103184E-006
   23.700000000000028      ,  -5.5316684091133364E-006
   23.800000000000029      ,  -5.4741042171599818E-006
   23.900000000000027      ,  -5.4173658831031314E-006
   24.000000000000028      ,  -5.3614383257438661E-006
   24.100000000000030      ,  -5.3063067980596487E-006
   24.200000000000031      ,  -5.2519568785016268E-006
   24.300000000000033      ,  -5.1983744625525094E-006
   24.400000000000034      ,  -5.1455457545358837E-006
   24.500000000000036      ,  -5.0934572596684713E-006
   24.600000000000033      ,  -5.0420957763474685E-006
   24.700000000000035      ,  -4.9914483886648056E-006
   24.800000000000036      ,  -4.9415024591410621E-006
   24.900000000000038      ,  -4.8922456216714995E-006
   25.000000000000039      ,  -4.8436657746775396E-006
   25.100000000000041      ,  -4.7957510744565051E-006
   25.200000000000042      ,  -4.7484899287236959E-006
   25.300000000000040      ,  -4.7018709903399302E-006
   25.400000000000041      ,  -4.6558831512189802E-006
   25.500000000000043      ,  -4.6105155364089549E-006
   25.600000000000044      ,  -4.5657574983418186E-006
   25.700000000000045      ,  -4.5215986112459938E-006
   25.800000000000047      ,  -4.4780286657166545E-006
   25.900000000000048      ,  -4.4350376634384639E-006
   26.000000000000046      ,  -4.3926158120565084E-006
   26.100000000000048      ,  -4.3507535201901300E-006
   26.200000000000049      ,  -4.3094413925853591E-006
   26.300000000000050      ,  -4.2686702254019199E-006
   26.400000000000052      ,  -4.2284310016299936E-006
   26.500000000000053      ,  -4.1887148866332954E-006
   26.600000000000051      ,  -4.1495132238140961E-006
   26.700000000000053      ,  -4.1108175303966735E-006
   26.800000000000054      ,  -4.0726194933254242E-006
   26.900000000000055      ,  -4.0349109652742337E-006
   27.000000000000057      ,  -3.9976839607634987E-006
   27.100000000000058      ,  -3.9609306523817165E-006
   27.200000000000060      ,  -3.9246433671084490E-006
   27.300000000000058      ,  -3.8888145827353429E-006
   27.400000000000059      ,  -3.8534369243826801E-006
   27.500000000000060      ,  -3.8185031611081550E-006
   27.600000000000062      ,  -3.7840062026054049E-006
   27.700000000000063      ,  -3.7499390959895089E-006
   27.800000000000065      ,  -3.7162950226668070E-006
   27.900000000000066      ,  -3.6830672952867262E-006
   28.000000000000064      ,  -3.6502493547729814E-006
   28.100000000000065      ,  -3.6178347674319617E-006
   28.200000000000067      ,  -3.5858172221359471E-006
   28.300000000000068      ,  -3.5541905275790388E-006
   28.400000000000070      ,  -3.5229486096036649E-006
   28.500000000000071      ,  -3.4920855085955382E-006
   28.600000000000072      ,  -3.4615953769452475E-006
   28.700000000000070      ,  -3.4314724765743567E-006
   28.800000000000072      ,  -3.4017111765243243E-006
   28.900000000000073      ,  -3.3723059506063800E-006
   29.000000000000075      ,  -3.3432513751106599E-006
   29.100000000000076      ,  -3.3145421265727509E-006
   29.200000000000077      ,  -3.2861729795962666E-006
   29.300000000000075      ,  -3.2581388047297201E-006
   29.400000000000077      ,  -3.2304345663961372E-006
   29.500000000000078      ,  -3.2030553208740863E-006
   29.600000000000080      ,  -3.1759962143284461E-006
   29.700000000000081      ,  -3.1492524808897832E-006
   29.800000000000082      ,  -3.1228194407808333E-006
   29.900000000000084      ,  -3.0966924984887520E-006
   30.000000000000082      ,  -3.0708671409820266E-006
   30.100000000000083      ,  -3.0453389359706767E-006
   30.200000000000085      ,  -3.0201035302086035E-006
   30.300000000000086      ,  -2.9951566478369373E-006
   30.400000000000087      ,  -2.9704940887673072E-006
   30.500000000000089      ,  -2.9461117271038584E-006
   30.600000000000090      ,  -2.9220055096030329E-006
   30.700000000000088      ,  -2.8981714541700390E-006
   30.800000000000090      ,  -2.8746056483911544E-006
   30.900000000000091      ,  -2.8513042481007193E-006
   31.000000000000092      ,  -2.8282634759819808E-006
   31.100000000000094      ,  -2.8054796202009656E-006
   31.200000000000095      ,  -2.7829490330722866E-006
   31.300000000000097      ,  -2.7606681297563263E-006
   31.400000000000095      ,  -2.7386333869866736E-006
   31.500000000000096      ,  -2.7168413418272453E-006
   31.600000000000097      ,  -2.6952885904581942E-006
   31.700000000000099      ,  -2.6739717869898788E-006
   31.800000000000100      ,  -2.6528876423041745E-006
   31.900000000000102      ,  -2.6320329229223881E-006
   32.000000000000099      ,  -2.6114044498991103E-006
   32.100000000000101      ,  -2.5909990977413553E-006
   32.200000000000102      ,  -2.5708137933522386E-006
   32.300000000000104      ,  -2.5508455149986895E-006
   32.400000000000105      ,  -2.5310912913025391E-006
   32.500000000000107      ,  -2.5115482002542805E-006
   32.600000000000108      ,  -2.4922133682491304E-006
   32.700000000000109      ,  -2.4730839691446231E-006
   32.800000000000111      ,  -2.4541572233393312E-006
   32.900000000000112      ,  -2.4354303968720384E-006
   33.000000000000114      ,  -2.4169008005411385E-006
   33.100000000000108      ,  -2.3985657890432606E-006
   33.200000000000109      ,  -2.3804227601312309E-006
   33.300000000000111      ,  -2.3624691537903369E-006
   33.400000000000112      ,  -2.3447024514328849E-006
   33.500000000000114      ,  -2.3271201751102775E-006
   33.600000000000115      ,  -2.3097198867423664E-006
   33.700000000000117      ,  -2.2924991873635531E-006
   33.800000000000118      ,  -2.2754557163852953E-006
   33.900000000000119      ,  -2.2585871508745870E-006
   34.000000000000121      ,  -2.2418912048479820E-006
   34.100000000000122      ,  -2.2253656285808538E-006
   34.200000000000124      ,  -2.2090082079314861E-006
   34.300000000000125      ,  -2.1928167636796033E-006
   34.400000000000119      ,  -2.1767891508790977E-006
   34.500000000000121      ,  -2.1609232582244339E-006
   34.600000000000122      ,  -2.1452170074306042E-006
   34.700000000000124      ,  -2.1296683526261307E-006
   34.800000000000125      ,  -2.1142752797589759E-006
   34.900000000000126      ,  -2.0990358060148593E-006
   35.000000000000128      ,  -2.0839479792478183E-006
   35.100000000000129      ,  -2.0690098774228102E-006
   35.200000000000131      ,  -2.0542196080697330E-006
   35.300000000000132      ,  -2.0395753077490099E-006
   35.400000000000134      ,  -2.0250751415281600E-006
   35.500000000000135      ,  -2.0107173024692448E-006
   35.600000000000136      ,  -1.9965000111269385E-006
   35.700000000000138      ,  -1.9824215150568407E-006
   35.800000000000132      ,  -1.9684800883339932E-006
   35.900000000000134      ,  -1.9546740310811742E-006
   36.000000000000135      ,  -1.9410016690068937E-006
   36.100000000000136      ,  -1.9274613529527797E-006
   36.200000000000138      ,  -1.9140514584501174E-006
   36.300000000000139      ,  -1.9007703852854667E-006
   36.400000000000141      ,  -1.8876165570749564E-006
   36.500000000000142      ,  -1.8745884208472645E-006
   36.600000000000144      ,  -1.8616844466348813E-006
   36.700000000000145      ,  -1.8489031270736461E-006
   36.800000000000146      ,  -1.8362429770102553E-006
   36.900000000000148      ,  -1.8237025331175961E-006
   37.000000000000149      ,  -1.8112803535177507E-006
   37.100000000000144      ,  -1.7989750174124660E-006
   37.200000000000145      ,  -1.7867851247209483E-006
   37.300000000000146      ,  -1.7747092957247886E-006
   37.400000000000148      ,  -1.7627461707199207E-006
   37.500000000000149      ,  -1.7508944096753326E-006
   37.600000000000151      ,  -1.7391526918985622E-006
   37.700000000000152      ,  -1.7275197157076353E-006
   37.800000000000153      ,  -1.7159941981094624E-006
   37.900000000000155      ,  -1.7045748744844572E-006
   38.000000000000156      ,  -1.6932604982772646E-006
   38.100000000000158      ,  -1.6820498406934675E-006
   38.200000000000159      ,  -1.6709416904021744E-006
   38.300000000000161      ,  -1.6599348532442850E-006
   38.400000000000162      ,  -1.6490281519463837E-006
   38.500000000000156      ,  -1.6382204258400745E-006
   38.600000000000158      ,  -1.6275105305867460E-006
   38.700000000000159      ,  -1.6168973379074746E-006
   38.800000000000161      ,  -1.6063797353181471E-006
   38.900000000000162      ,  -1.5959566258695631E-006
   39.000000000000163      ,  -1.5856269278924450E-006
   39.100000000000165      ,  -1.5753895747472932E-006
   39.200000000000166      ,  -1.5652435145788707E-006
   39.300000000000168      ,  -1.5551877100753928E-006
   39.400000000000169      ,  -1.5452211382321337E-006
   39.500000000000171      ,  -1.5353427901195121E-006
   39.600000000000172      ,  -1.5255516706554439E-006
   39.700000000000173      ,  -1.5158467983819732E-006
   39.800000000000168      ,  -1.5062272052459879E-006
   39.900000000000169      ,  -1.4966919363840564E-006
   40.000000000000171      ,  -1.4872400499111475E-006
   40.100000000000172      ,  -1.4778706167133411E-006
   40.200000000000173      ,  -1.4685827202442320E-006
   40.300000000000175      ,  -1.4593754563251466E-006
   40.400000000000176      ,  -1.4502479329489745E-006
   40.500000000000178      ,  -1.4411992700875624E-006
   40.600000000000179      ,  -1.4322285995026519E-006
   40.700000000000180      ,  -1.4233350645601684E-006
   40.800000000000182      ,  -1.4145178200479823E-006
   40.900000000000183      ,  -1.4057760319968470E-006
   41.000000000000185      ,  -1.3971088775046019E-006
   41.100000000000186      ,  -1.3885155445636030E-006
   41.200000000000180      ,  -1.3799952318911099E-006
   41.300000000000182      ,  -1.3715471487628146E-006
   41.400000000000183      ,  -1.3631705148493037E-006
   41.500000000000185      ,  -1.3548645600554096E-006
   41.600000000000186      ,  -1.3466285243624493E-006
   41.700000000000188      ,  -1.3384616576732372E-006
   41.800000000000189      ,  -1.3303632196598301E-006
   41.900000000000190      ,  -1.3223324796139746E-006
   42.000000000000192      ,  -1.3143687163001875E-006
   42.100000000000193      ,  -1.3064712178113699E-006
   42.200000000000195      ,  -1.2986392814270154E-006
   42.300000000000196      ,  -1.2908722134738225E-006
   42.400000000000198      ,  -1.2831693291888293E-006
   42.500000000000192      ,  -1.2755299525848105E-006
   42.600000000000193      ,  -1.2679534163181256E-006
   42.700000000000195      ,  -1.2604390615587524E-006
   42.800000000000196      ,  -1.2529862378626445E-006
   42.900000000000198      ,  -1.2455943030462401E-006
   43.000000000000199      ,  -1.2382626230631494E-006
   43.100000000000200      ,  -1.2309905718829475E-006
   43.200000000000202      ,  -1.2237775313720420E-006
   43.300000000000203      ,  -1.2166228911765829E-006
   43.400000000000205      ,  -1.2095260486073521E-006
   43.500000000000206      ,  -1.2024864085266209E-006
   43.600000000000207      ,  -1.1955033832369229E-006
   43.700000000000209      ,  -1.1885763923717302E-006
   43.800000000000210      ,  -1.1817048627879053E-006
   43.900000000000205      ,  -1.1748882284600630E-006
   44.000000000000206      ,  -1.1681259303766327E-006
   44.100000000000207      ,  -1.1614174164377025E-006
   44.200000000000209      ,  -1.1547621413545478E-006
   44.300000000000210      ,  -1.1481595665508577E-006
   44.400000000000212      ,  -1.1416091600656001E-006
   44.500000000000213      ,  -1.1351103964574964E-006
   44.600000000000215      ,  -1.1286627567110847E-006
   44.700000000000216      ,  -1.1222657281443565E-006
   44.800000000000217      ,  -1.1159188043178614E-006
   44.900000000000219      ,  -1.1096214849453927E-006
   45.000000000000220      ,  -1.1033732758060696E-006
   45.100000000000222      ,  -1.0971736886578989E-006
   45.200000000000216      ,  -1.0910222411527483E-006
   45.300000000000217      ,  -1.0849184567526972E-006
   45.400000000000219      ,  -1.0788618646477626E-006
   45.500000000000220      ,  -1.0728519996749588E-006
   45.600000000000222      ,  -1.0668884022386697E-006
   45.700000000000223      ,  -1.0609706182323136E-006
   45.800000000000225      ,  -1.0550981989612749E-006
   45.900000000000226      ,  -1.0492707010670759E-006
   46.000000000000227      ,  -1.0434876864527718E-006
   46.100000000000229      ,  -1.0377487222095394E-006
   46.200000000000230      ,  -1.0320533805444577E-006
   46.300000000000232      ,  -1.0264012387094173E-006
   46.400000000000233      ,  -1.0207918789311827E-006
   46.500000000000234      ,  -1.0152248883425807E-006
   46.600000000000229      ,  -1.0096998589147365E-006
   46.700000000000230      ,  -1.0042163873904510E-006
   46.800000000000232      ,  -9.9877407521856304E-007
   46.900000000000233      ,  -9.9337252848940565E-007
   47.000000000000234      ,  -9.8801135787124847E-007
   47.100000000000236      ,  -9.8269017854774601E-007
   47.200000000000237      ,  -9.7740861015636340E-007
   47.300000000000239      ,  -9.7216627672778537E-007
   47.400000000000240      ,  -9.6696280662625464E-007
   47.500000000000242      ,  -9.6179783249085074E-007
   47.600000000000243      ,  -9.5667099117764801E-007
   47.700000000000244      ,  -9.5158192370285618E-007
   47.800000000000246      ,  -9.4653027518674597E-007
   47.900000000000240      ,  -9.4151569479850492E-007
   48.000000000000242      ,  -9.3653783570192167E-007
   48.100000000000243      ,  -9.3159635500189991E-007
   48.200000000000244      ,  -9.2669091369183091E-007
   48.300000000000246      ,  -9.2182117660172369E-007
   48.400000000000247      ,  -9.1698681234717010E-007
   48.500000000000249      ,  -9.1218749327906758E-007
   48.600000000000250      ,  -9.0742289543412326E-007
   48.700000000000252      ,  -9.0269269848609520E-007
   48.800000000000253      ,  -8.9799658569779963E-007
   48.900000000000254      ,  -8.9333424387381148E-007
   49.000000000000256      ,  -8.8870536331391246E-007
   49.100000000000257      ,  -8.8410963776723276E-007
   49.200000000000259      ,  -8.7954676438706422E-007
   49.300000000000253      ,  -8.7501644368639095E-007
   49.400000000000254      ,  -8.7051837949405307E-007
   49.500000000000256      ,  -8.6605227891158624E-007
   49.600000000000257      ,  -8.6161785227069765E-007
   49.700000000000259      ,  -8.5721481309139324E-007
   49.800000000000260      ,  -8.5284287804069667E-007
   49.900000000000261      ,  -8.4850176689201755E-007
   50.000000000000263      ,  -8.4419120248510557E-007
   50.100000000000264      ,  -8.3991091068658868E-007
   50.200000000000266      ,  -8.3566062035111324E-007
   50.300000000000267      ,  -8.3144006328305359E-007
   50.400000000000269      ,  -8.2724897419877416E-007
   50.500000000000270      ,  -8.2308709068944297E-007
   50.600000000000264      ,  -8.1895415318443003E-007
   50.700000000000266      ,  -8.1484990491517938E-007
   50.800000000000267      ,  -8.1077409187966846E-007
   50.900000000000269      ,  -8.0672646280734384E-007
   51.000000000000270      ,  -8.0270676912458632E-007
   51.100000000000271      ,  -7.9871476492067522E-007
   51.200000000000273      ,  -7.9475020691424903E-007
   51.300000000000274      ,  -7.9081285442024158E-007
   51.400000000000276      ,  -7.8690246931730182E-007
   51.500000000000277      ,  -7.8301881601569216E-007
   51.600000000000279      ,  -7.7916166142563230E-007
   51.700000000000280      ,  -7.7533077492610543E-007
   51.800000000000281      ,  -7.7152592833411381E-007
   51.900000000000283      ,  -7.6774689587437712E-007
   52.000000000000277      ,  -7.6399345414945164E-007
   52.100000000000279      ,  -7.6026538211028278E-007
   52.200000000000280      ,  -7.5656246102718168E-007
   52.300000000000281      ,  -7.5288447446120704E-007
   52.400000000000283      ,  -7.4923120823595202E-007
   52.500000000000284      ,  -7.4560245040973472E-007
   52.600000000000286      ,  -7.4199799124817225E-007
   52.700000000000287      ,  -7.3841762319716584E-007
   52.800000000000288      ,  -7.3486114085623406E-007
   52.900000000000290      ,  -7.3132834095223855E-007
   53.000000000000291      ,  -7.2781902231347823E-007
   53.100000000000293      ,  -7.2433298584413440E-007
   53.200000000000294      ,  -7.2087003449909583E-007
   53.300000000000288      ,  -7.1742997325911140E-007
   53.400000000000290      ,  -7.1401260910628936E-007
   53.500000000000291      ,  -7.1061775099996277E-007
   53.600000000000293      ,  -7.0724520985285944E-007
   53.700000000000294      ,  -7.0389479850761533E-007
   53.800000000000296      ,  -7.0056633171361685E-007
   53.900000000000297      ,  -6.9725962610414858E-007
   54.000000000000298      ,  -6.9397450017387160E-007
   54.100000000000300      ,  -6.9071077425660019E-007
   54.200000000000301      ,  -6.8746827050338583E-007
   54.300000000000303      ,  -6.8424681286090685E-007
   54.400000000000304      ,  -6.8104622705013683E-007
   54.500000000000306      ,  -6.7786634054533811E-007
   54.600000000000307      ,  -6.7470698255329250E-007
   54.700000000000301      ,  -6.7156798399286106E-007
   54.800000000000303      ,  -6.6844917747479152E-007
   54.900000000000304      ,  -6.6535039728181313E-007
   55.000000000000306      ,  -6.6227147934899746E-007
   55.100000000000307      ,  -6.5921226124437862E-007
   55.200000000000308      ,  -6.5617258214984143E-007
   55.300000000000310      ,  -6.5315228284226358E-007
   55.400000000000311      ,  -6.5015120567491814E-007
   55.500000000000313      ,  -6.4716919455911372E-007
   55.600000000000314      ,  -6.4420609494608126E-007
   55.700000000000315      ,  -6.4126175380911294E-007
   55.800000000000317      ,  -6.3833601962594199E-007
   55.900000000000318      ,  -6.3542874236132769E-007
   56.000000000000313      ,  -6.3253977344991007E-007
   56.100000000000314      ,  -6.2966896577926539E-007
   56.200000000000315      ,  -6.2681617367320208E-007
   56.300000000000317      ,  -6.2398125287526058E-007
   56.400000000000318      ,  -6.2116406053245332E-007
   56.500000000000320      ,  -6.1836445517919374E-007
   56.600000000000321      ,  -6.1558229672145780E-007
   56.700000000000323      ,  -6.1281744642114124E-007
   56.800000000000324      ,  -6.1006976688062385E-007
   56.900000000000325      ,  -6.0733912202753887E-007
   57.000000000000327      ,  -6.0462537709974485E-007
   57.100000000000328      ,  -6.0192839863047458E-007
   57.200000000000330      ,  -5.9924805443370390E-007
   57.300000000000331      ,  -5.9658421358969306E-007
   57.400000000000325      ,  -5.9393674643071523E-007
   57.500000000000327      ,  -5.9130552452698312E-007
   57.600000000000328      ,  -5.8869042067273575E-007
   57.700000000000330      ,  -5.8609130887253733E-007
   57.800000000000331      ,  -5.8350806432771570E-007
   57.900000000000333      ,  -5.8094056342299755E-007
   58.000000000000334      ,  -5.7838868371331775E-007
   58.100000000000335      ,  -5.7585230391078239E-007
   58.200000000000337      ,  -5.7333130387180329E-007
   58.300000000000338      ,  -5.7082556458441185E-007
   58.400000000000340      ,  -5.6833496815571359E-007
   58.500000000000341      ,  -5.6585939779951709E-007
   58.600000000000342      ,  -5.6339873782410932E-007
   58.700000000000337      ,  -5.6095287362019228E-007
   58.800000000000338      ,  -5.5852169164898007E-007
   58.900000000000340      ,  -5.5610507943042716E-007
   59.000000000000341      ,  -5.5370292553162521E-007
   59.100000000000342      ,  -5.5131511955532742E-007
   59.200000000000344      ,  -5.4894155212863742E-007
   59.300000000000345      ,  -5.4658211489182459E-007
   59.400000000000347      ,  -5.4423670048728350E-007
   59.500000000000348      ,  -5.4190520254863909E-007
   59.600000000000350      ,  -5.3958751568996902E-007
   59.700000000000344      ,  -5.3728353549519634E-007
   59.800000000000338      ,  -5.3499315850756503E-007
   59.900000000000333      ,  -5.3271628221928951E-007
   60.000000000000327      ,  -5.3045280506131454E-007
   60.100000000000321      ,  -5.2820262639320167E-007
   60.200000000000315      ,  -5.2596564649313731E-007
   60.300000000000310      ,  -5.2374176654808225E-007
   60.400000000000304      ,  -5.2153088864401517E-007
   60.500000000000298      ,  -5.1933291575632675E-007
   60.600000000000293      ,  -5.1714775174030350E-007
   60.700000000000287      ,  -5.1497530132175205E-007
   60.800000000000281      ,  -5.1281547008772020E-007
   60.900000000000276      ,  -5.1066816447734422E-007
   61.000000000000270      ,  -5.0853329177280262E-007
   61.100000000000264      ,  -5.0641076009037471E-007
   61.200000000000259      ,  -5.0430047837162482E-007
   61.300000000000253      ,  -5.0220235637467233E-007
   61.400000000000247      ,  -5.0011630466558477E-007
   61.500000000000242      ,  -4.9804223460986799E-007
   61.600000000000236      ,  -4.9598005836406045E-007
   61.700000000000230      ,  -4.9392968886742406E-007
   61.800000000000225      ,  -4.9189103983374660E-007
   61.900000000000219      ,  -4.8986402574323362E-007
   62.000000000000213      ,  -4.8784856183449780E-007
   62.100000000000207      ,  -4.8584456409665636E-007
   62.200000000000202      ,  -4.8385194926149994E-007
   62.300000000000196      ,  -4.8187063479578373E-007
   62.400000000000190      ,  -4.7990053889358661E-007
   62.500000000000185      ,  -4.7794158046877711E-007
   62.600000000000179      ,  -4.7599367914756004E-007
   62.700000000000173      ,  -4.7405675526111266E-007
   62.800000000000168      ,  -4.7213072983832156E-007
   62.900000000000162      ,  -4.7021552459857950E-007
   63.000000000000156      ,  -4.6831106194469593E-007
   63.100000000000151      ,  -4.6641726495587180E-007
   63.200000000000145      ,  -4.6453405738076470E-007
   63.300000000000139      ,  -4.6266136363063552E-007
   63.400000000000134      ,  -4.6079910877257297E-007
   63.500000000000128      ,  -4.5894721852280317E-007
   63.600000000000122      ,  -4.5710561924007300E-007
   63.700000000000117      ,  -4.5527423791911036E-007
   63.800000000000111      ,  -4.5345300218416456E-007
   63.900000000000105      ,  -4.5164184028262053E-007
   64.000000000000099      ,  -4.4984068107868623E-007
   64.100000000000094      ,  -4.4804945404715668E-007
   64.200000000000088      ,  -4.4626808926724502E-007
   64.300000000000082      ,  -4.4449651741649410E-007
   64.400000000000077      ,  -4.4273466976474353E-007
   64.500000000000071      ,  -4.4098247816818968E-007
   64.600000000000065      ,  -4.3923987506348806E-007
   64.700000000000060      ,  -4.3750679346194373E-007
   64.800000000000054      ,  -4.3578316694375977E-007
   64.900000000000048      ,  -4.3406892965235095E-007
   65.000000000000043      ,  -4.3236401628873018E-007
   65.100000000000037      ,  -4.3066836210594849E-007
   65.200000000000031      ,  -4.2898190290360849E-007
   65.300000000000026      ,  -4.2730457502243551E-007
   65.400000000000020      ,  -4.2563631533891325E-007
   65.500000000000014      ,  -4.2397706125997669E-007
   65.600000000000009      ,  -4.2232675071776520E-007
   65.700000000000003      ,  -4.2068532216444574E-007
   65.799999999999997      ,  -4.1905271456708245E-007
   65.899999999999991      ,  -4.1742886740256677E-007
   65.999999999999986      ,  -4.1581372065261047E-007
   66.099999999999980      ,  -4.1420721479879099E-007
   66.199999999999974      ,  -4.1260929081765076E-007
   66.299999999999969      ,  -4.1101989017585866E-007
   66.399999999999963      ,  -4.0943895482541975E-007
   66.499999999999957      ,  -4.0786642719893873E-007
   66.599999999999952      ,  -4.0630225020494003E-007
   66.699999999999946      ,  -4.0474636722324218E-007
   66.799999999999940      ,  -4.0319872210037275E-007
   66.899999999999935      ,  -4.0165925914504986E-007
   66.999999999999929      ,  -4.0012792312370250E-007
   67.099999999999923      ,  -3.9860465925604239E-007
   67.199999999999918      ,  -3.9708941321069389E-007
   67.299999999999912      ,  -3.9558213110086040E-007
   67.399999999999906      ,  -3.9408275948004417E-007
   67.499999999999901      ,  -3.9259124533781576E-007
   67.599999999999895      ,  -3.9110753609562904E-007
   67.699999999999889      ,  -3.8963157960267505E-007
   67.799999999999883      ,  -3.8816332413179705E-007
   67.899999999999878      ,  -3.8670271837543296E-007
   67.999999999999872      ,  -3.8524971144161476E-007
   68.099999999999866      ,  -3.8380425285000805E-007
   68.199999999999861      ,  -3.8236629252799126E-007
   68.299999999999855      ,  -3.8093578080678333E-007
   68.399999999999849      ,  -3.7951266841761459E-007
   68.499999999999844      ,  -3.7809690648792997E-007
   68.599999999999838      ,  -3.7668844653764442E-007
   68.699999999999832      ,  -3.7528724047543241E-007
   68.799999999999827      ,  -3.7389324059506179E-007
   68.899999999999821      ,  -3.7250639957176090E-007
   68.999999999999815      ,  -3.7112667045863822E-007
   69.099999999999810      ,  -3.6975400668312494E-007
   69.199999999999804      ,  -3.6838836204346176E-007
   69.299999999999798      ,  -3.6702969070523281E-007
   69.399999999999793      ,  -3.6567794719792211E-007
   69.499999999999787      ,  -3.6433308641151593E-007
   69.599999999999781      ,  -3.6299506359314180E-007
   69.699999999999775      ,  -3.6166383434373958E-007
   69.799999999999770      ,  -3.6033935461476952E-007
   69.899999999999764      ,  -3.5902158070495488E-007
   69.999999999999758      ,  -3.5771046925706645E-007
   70.099999999999753      ,  -3.5640597725472961E-007
   70.199999999999747      ,  -3.5510806201927346E-007
   70.299999999999741      ,  -3.5381668120660807E-007
   70.399999999999736      ,  -3.5253179280414342E-007
   70.499999999999730      ,  -3.5125335512773259E-007
   70.599999999999724      ,  -3.4998132681865063E-007
   70.699999999999719      ,  -3.4871566684060457E-007
   70.799999999999713      ,  -3.4745633447677669E-007
   70.899999999999707      ,  -3.4620328932689530E-007
   70.999999999999702      ,  -3.4495649130434282E-007
   71.099999999999696      ,  -3.4371590063328891E-007
   71.199999999999690      ,  -3.4248147784585212E-007
   71.299999999999685      ,  -3.4125318377929860E-007
   71.399999999999679      ,  -3.4003097957326296E-007
   71.499999999999673      ,  -3.3881482666700180E-007
   71.599999999999667      ,  -3.3760468679667658E-007
   71.699999999999662      ,  -3.3640052199266190E-007
   71.799999999999656      ,  -3.3520229457688470E-007
   71.899999999999650      ,  -3.3400996716018748E-007
   71.999999999999645      ,  -3.3282350263972368E-007
   72.099999999999639      ,  -3.3164286419637716E-007
   72.199999999999633      ,  -3.3046801529220839E-007
   72.299999999999628      ,  -3.2929891966792710E-007
   72.399999999999622      ,  -3.2813554134039406E-007
   72.499999999999616      ,  -3.2697784460014100E-007
   72.599999999999611      ,  -3.2582579400892893E-007
   72.699999999999605      ,  -3.2467935439731341E-007
   72.799999999999599      ,  -3.2353849086225701E-007
   72.899999999999594      ,  -3.2240316876474664E-007
   72.999999999999588      ,  -3.2127335372744339E-007
   73.099999999999582      ,  -3.2014901163235925E-007
   73.199999999999577      ,  -3.1903010861855490E-007
   73.299999999999571      ,  -3.1791661107985649E-007
   73.399999999999565      ,  -3.1680848566260465E-007
   73.499999999999559      ,  -3.1570569926341775E-007
   73.599999999999554      ,  -3.1460821902698428E-007
   73.699999999999548      ,  -3.1351601234387479E-007
   73.799999999999542      ,  -3.1242904684837479E-007
   73.899999999999537      ,  -3.1134729041634153E-007
   73.999999999999531      ,  -3.1027071116308441E-007
   74.099999999999525      ,  -3.0919927744126151E-007
   74.199999999999520      ,  -3.0813295783880108E-007
   74.299999999999514      ,  -3.0707172117684503E-007
   74.399999999999508      ,  -3.0601553650770826E-007
   74.499999999999503      ,  -3.0496437311286347E-007
   74.599999999999497      ,  -3.0391820050094505E-007
   74.699999999999491      ,  -3.0287698840576722E-007
   74.799999999999486      ,  -3.0184070678437514E-007
   74.899999999999480      ,  -3.0080932581509678E-007
   74.999999999999474      ,  -2.9978281589563622E-007
   75.099999999999469      ,  -2.9876114764116370E-007
   75.199999999999463      ,  -2.9774429188244323E-007
   75.299999999999457      ,  -2.9673221966396582E-007
   75.399999999999437      ,  -2.9572490224211129E-007
   75.499999999999432      ,  -2.9472231108331818E-007
   75.599999999999426      ,  -2.9372441786227969E-007
   75.699999999999420      ,  -2.9273119446015599E-007
   75.799999999999415      ,  -2.9174261296280095E-007
   75.899999999999409      ,  -2.9075864565900804E-007
   75.999999999999403      ,  -2.8977926503877730E-007
   76.099999999999397      ,  -2.8880444379159095E-007
   76.199999999999392      ,  -2.8783415480471411E-007
   76.299999999999386      ,  -2.8686837116151012E-007
   76.399999999999380      ,  -2.8590706613976620E-007
   76.499999999999375      ,  -2.8495021321004527E-007
   76.599999999999369      ,  -2.8399778603405042E-007
   76.699999999999363      ,  -2.8304975846299727E-007
   76.799999999999358      ,  -2.8210610453601354E-007
   76.899999999999352      ,  -2.8116679847855281E-007
   76.999999999999346      ,  -2.8023181470081190E-007
   77.099999999999341      ,  -2.7930112779618067E-007
   77.199999999999335      ,  -2.7837471253969564E-007
   77.299999999999329      ,  -2.7745254388650754E-007
   77.399999999999324      ,  -2.7653459697037402E-007
   77.499999999999318      ,  -2.7562084710215554E-007
   77.599999999999312      ,  -2.7471126976833406E-007
   77.699999999999307      ,  -2.7380584062954044E-007
   77.799999999999301      ,  -2.7290453551909922E-007
   77.899999999999295      ,  -2.7200733044158508E-007
   77.999999999999289      ,  -2.7111420157139661E-007
   78.099999999999284      ,  -2.7022512525134125E-007
   78.199999999999278      ,  -2.6934007799123265E-007
   78.299999999999272      ,  -2.6845903646650229E-007
   78.399999999999267      ,  -2.6758197751683027E-007
   78.499999999999261      ,  -2.6670887814477603E-007
   78.599999999999255      ,  -2.6583971551443744E-007
   78.699999999999250      ,  -2.6497446695011100E-007
   78.799999999999244      ,  -2.6411310993497053E-007
   78.899999999999238      ,  -2.6325562210975376E-007
   78.999999999999233      ,  -2.6240198127147195E-007
   79.099999999999227      ,  -2.6155216537211362E-007
   79.199999999999221      ,  -2.6070615251738337E-007
   79.299999999999216      ,  -2.5986392096542939E-007
   79.399999999999210      ,  -2.5902544912560018E-007
   79.499999999999204      ,  -2.5819071555720666E-007
   79.599999999999199      ,  -2.5735969896829385E-007
   79.699999999999193      ,  -2.5653237821442669E-007
   79.799999999999187      ,  -2.5570873229748968E-007
   79.899999999999181      ,  -2.5488874036449226E-007
   79.999999999999176      ,  -2.5407238170638737E-007
