  0.10000000000000001       ,   -0.96531738110971688     
  0.20000000000000001       ,   -0.24054520064770121     
  0.29999999999999999       ,   -0.10646436491912914     
  0.40000000000000002       ,    -5.9601099940416701E-002
  0.50000000000000000       ,    -3.7946883675466878E-002
  0.59999999999999998       ,    -2.6207144873857655E-002
  0.69999999999999996       ,    -1.9143923015478421E-002
  0.79999999999999993       ,    -1.4570537137434338E-002
  0.89999999999999991       ,    -1.1443040166036341E-002
  0.99999999999999989       ,    -9.2120023963342974E-003
   1.0999999999999999       ,    -7.5659616692890300E-003
   1.2000000000000000       ,    -6.3177028189744027E-003
   1.3000000000000000       ,    -5.3492263032511953E-003
   1.4000000000000001       ,    -4.5831826123690651E-003
   1.5000000000000002       ,    -3.9671675176153227E-003
   1.6000000000000003       ,    -3.4646634380048305E-003
   1.7000000000000004       ,    -3.0495971592384603E-003
   1.8000000000000005       ,    -2.7029536915805247E-003
   1.9000000000000006       ,    -2.4106043266693719E-003
   2.0000000000000004       ,    -2.1618757893821072E-003
   2.1000000000000005       ,    -1.9485850638373409E-003
   2.2000000000000006       ,    -1.7643744730540967E-003
   2.3000000000000007       ,    -1.6042448646353051E-003
   2.4000000000000008       ,    -1.4642222403960818E-003
   2.5000000000000009       ,    -1.3411159717325481E-003
   2.6000000000000010       ,    -1.2323409502557295E-003
   2.7000000000000011       ,    -1.1357850689781403E-003
   2.8000000000000012       ,    -1.0497093033442532E-003
   2.9000000000000012       ,    -9.7267154525957126E-004
   3.0000000000000013       ,    -9.0346795420787193E-004
   3.1000000000000014       ,    -8.4108737179579653E-004
   3.2000000000000015       ,    -7.8467557997110953E-004
   3.3000000000000016       ,    -7.3350704871549236E-004
   3.4000000000000017       ,    -6.8696243363343987E-004
   3.5000000000000018       ,    -6.4451052529088430E-004
   3.6000000000000014       ,    -6.0569367259475737E-004
   3.7000000000000015       ,    -5.7011593744318509E-004
   3.8000000000000016       ,    -5.3743341174928324E-004
   3.9000000000000017       ,    -5.0734625776023480E-004
   4.0000000000000018       ,    -4.7959213032850210E-004
   4.1000000000000023       ,    -4.5394071395132325E-004
   4.2000000000000020       ,    -4.3018916408511120E-004
   4.3000000000000025       ,    -4.0815828588212634E-004
   4.4000000000000021       ,    -3.8768931731759628E-004
   4.5000000000000027       ,    -3.6864121005157667E-004
   4.6000000000000023       ,    -3.5088832206456576E-004
   4.7000000000000020       ,    -3.3431845243639239E-004
   4.8000000000000025       ,    -3.1883116159497519E-004
   4.9000000000000021       ,    -3.0433633069592149E-004
   5.0000000000000027       ,    -2.9075292207773651E-004
   5.1000000000000023       ,    -2.7800790940912676E-004
   5.2000000000000028       ,    -2.6603535154297027E-004
   5.3000000000000025       ,    -2.5477558847808890E-004
   5.4000000000000030       ,    -2.4417454140974153E-004
   5.5000000000000027       ,    -2.3418310178272993E-004
   5.6000000000000032       ,    -2.2475659667359275E-004
   5.7000000000000028       ,    -2.1585431981996036E-004
   5.8000000000000034       ,    -2.0743911926555104E-004
   5.9000000000000030       ,    -1.9947703396120029E-004
   6.0000000000000036       ,    -1.9193697280696674E-004
   6.1000000000000032       ,    -1.8479043057810423E-004
   6.2000000000000037       ,    -1.7801123598177760E-004
   6.3000000000000034       ,    -1.7157532776837417E-004
   6.4000000000000039       ,    -1.6546055539288761E-004
   6.5000000000000036       ,    -1.5964650120590791E-004
   6.6000000000000041       ,    -1.5411432156470901E-004
   6.7000000000000037       ,    -1.4884660460477004E-004
   6.8000000000000034       ,    -1.4382724271063324E-004
   6.9000000000000039       ,    -1.3904131798041968E-004
   7.0000000000000036       ,    -1.3447499919734814E-004
   7.1000000000000041       ,    -1.3011544900989999E-004
   7.2000000000000037       ,    -1.2595074018440747E-004
   7.3000000000000043       ,    -1.2196977993388753E-004
   7.4000000000000039       ,    -1.1816224144805980E-004
   7.5000000000000044       ,    -1.1451850185448905E-004
   7.6000000000000032       ,    -1.1102958593200556E-004
   7.7000000000000028       ,    -1.0768711497693863E-004
   7.8000000000000016       ,    -1.0448326029191624E-004
   7.9000000000000012       ,    -1.0141070082743524E-004
   8.0000000000000000       ,    -9.8462584559328142E-005
   8.0999999999999996       ,    -9.5632493231638890E-005
   8.1999999999999993       ,    -9.2914410135123805E-005
   8.2999999999999989       ,    -9.0302690627443706E-005
   8.3999999999999968       ,    -8.7792035132652364E-005
   8.4999999999999964       ,    -8.5377464385435602E-005
   8.5999999999999961       ,    -8.3054296710164435E-005
   8.6999999999999957       ,    -8.0818127146592772E-005
   8.7999999999999936       ,    -7.8664808253333827E-005
   8.8999999999999932       ,    -7.6590432437380226E-005
   8.9999999999999929       ,    -7.4591315673151686E-005
   9.0999999999999925       ,    -7.2663982488102951E-005
   9.1999999999999922       ,    -7.0805152104000209E-005
   9.2999999999999901       ,    -6.9011725633748015E-005
   9.3999999999999897       ,    -6.7280774243272040E-005
   9.4999999999999893       ,    -6.5609528196568543E-005
   9.5999999999999890       ,    -6.3995366709753085E-005
   9.6999999999999869       ,    -6.2435808546846508E-005
   9.7999999999999865       ,    -6.0928503296245646E-005
   9.8999999999999861       ,    -5.9471223272404824E-005
   9.9999999999999858       ,    -5.8061855992274877E-005
   10.099999999999985       ,    -5.6698397180564315E-005
   10.199999999999983       ,    -5.5378944261961642E-005
   10.299999999999983       ,    -5.4101690302146163E-005
   10.399999999999983       ,    -5.2864918362721963E-005
   10.499999999999982       ,    -5.1666996238236074E-005
   10.599999999999980       ,    -5.0506371546143164E-005
   10.699999999999980       ,    -4.9381567143064778E-005
   10.799999999999979       ,    -4.8291176842909066E-005
   10.899999999999979       ,    -4.7233861414464763E-005
   10.999999999999977       ,    -4.6208344837914742E-005
   11.099999999999977       ,    -4.5213410801403937E-005
   11.199999999999976       ,    -4.4247899420315066E-005
   11.299999999999976       ,    -4.3310704163304520E-005
   11.399999999999975       ,    -4.2400768970414262E-005
   11.499999999999973       ,    -4.1517085549740010E-005
   11.599999999999973       ,    -4.0658690840186729E-005
   11.699999999999973       ,    -3.9824664628815196E-005
   11.799999999999972       ,    -3.9014127312166373E-005
   11.899999999999970       ,    -3.8226237791756835E-005
   11.999999999999970       ,    -3.7460191494686655E-005
   12.099999999999969       ,    -3.6715218510974272E-005
   12.199999999999969       ,    -3.5990581839863540E-005
   12.299999999999969       ,    -3.5285575737915911E-005
   12.399999999999967       ,    -3.4599524162230125E-005
   12.499999999999966       ,    -3.3931779302616183E-005
   12.599999999999966       ,    -3.3281720196993204E-005
   12.699999999999966       ,    -3.2648751424692810E-005
   12.799999999999963       ,    -3.2032301872728577E-005
   12.899999999999963       ,    -3.1431823570436834E-005
   12.999999999999963       ,    -3.0846790588219486E-005
   13.099999999999962       ,    -3.0276697996414149E-005
   13.199999999999960       ,    -2.9721060880587818E-005
   13.299999999999960       ,    -2.9179413409812639E-005
   13.399999999999959       ,    -2.8651307954704466E-005
   13.499999999999959       ,    -2.8136314252231994E-005
   13.599999999999959       ,    -2.7634018614497263E-005
   13.699999999999957       ,    -2.7144023178880944E-005
   13.799999999999956       ,    -2.6665945197111016E-005
   13.899999999999956       ,    -2.6199416360979515E-005
   13.999999999999956       ,    -2.5744082162575445E-005
   14.099999999999953       ,    -2.5299601287043518E-005
   14.199999999999953       ,    -2.4865645036003072E-005
   14.299999999999953       ,    -2.4441896779882391E-005
   14.399999999999952       ,    -2.4028051437532694E-005
   14.499999999999952       ,    -2.3623814981590779E-005
   14.599999999999950       ,    -2.3228903968153023E-005
   14.699999999999950       ,    -2.2843045089412294E-005
   14.799999999999949       ,    -2.2465974747997205E-005
   14.899999999999949       ,    -2.2097438651822007E-005
   14.999999999999948       ,    -2.1737191428335964E-005
   15.099999999999950       ,    -2.1384996257123412E-005
   15.199999999999951       ,    -2.1040624519870190E-005
   15.299999999999951       ,    -2.0703855466771333E-005
   15.399999999999952       ,    -2.0374475898508140E-005
   15.499999999999954       ,    -2.0052279862976740E-005
   15.599999999999955       ,    -1.9737068365994531E-005
   15.699999999999955       ,    -1.9428649095259710E-005
   15.799999999999956       ,    -1.9126836156878552E-005
   15.899999999999958       ,    -1.8831449823814884E-005
   15.999999999999957       ,    -1.8542316295653378E-005
   16.099999999999959       ,    -1.8259267469103847E-005
   16.199999999999960       ,    -1.7982140718703080E-005
   16.299999999999962       ,    -1.7710778687205108E-005
   16.399999999999963       ,    -1.7445029085175589E-005
   16.499999999999961       ,    -1.7184744499335774E-005
   16.599999999999962       ,    -1.6929782209224300E-005
   16.699999999999964       ,    -1.6680004011770235E-005
   16.799999999999965       ,    -1.6435276053391783E-005
   16.899999999999967       ,    -1.6195468669257767E-005
   16.999999999999968       ,    -1.5960456229365071E-005
   17.099999999999969       ,    -1.5730116991108773E-005
   17.199999999999967       ,    -1.5504332958033414E-005
   17.299999999999969       ,    -1.5282989744475474E-005
   17.399999999999970       ,    -1.5065976445817806E-005
   17.499999999999972       ,    -1.4853185514095713E-005
   17.599999999999973       ,    -1.4644512638703450E-005
   17.699999999999974       ,    -1.4439856631967260E-005
   17.799999999999976       ,    -1.4239119319359798E-005
   17.899999999999974       ,    -1.4042205434144136E-005
   17.999999999999975       ,    -1.3849022516245300E-005
   18.099999999999977       ,    -1.3659480815158646E-005
   18.199999999999978       ,    -1.3473493196712826E-005
   18.299999999999979       ,    -1.3290975053514790E-005
   18.399999999999981       ,    -1.3111844218913062E-005
   18.499999999999979       ,    -1.2936020884322896E-005
   18.599999999999980       ,    -1.2763427519765901E-005
   18.699999999999982       ,    -1.2593988797482303E-005
   18.799999999999983       ,    -1.2427631518482442E-005
   18.899999999999984       ,    -1.2264284541909692E-005
   18.999999999999986       ,    -1.2103878717093261E-005
   19.099999999999987       ,    -1.1946346818175701E-005
   19.199999999999985       ,    -1.1791623481204893E-005
   19.299999999999986       ,    -1.1639645143585619E-005
   19.399999999999988       ,    -1.1490349985790708E-005
   19.499999999999989       ,    -1.1343677875237443E-005
   19.599999999999991       ,    -1.1199570312237412E-005
   19.699999999999992       ,    -1.1057970377934281E-005
   19.799999999999994       ,    -1.0918822684146265E-005
   19.899999999999991       ,    -1.0782073325035574E-005
   19.999999999999993       ,    -1.0647669830528903E-005
   20.099999999999994       ,    -1.0515561121417738E-005
   20.199999999999996       ,    -1.0385697466070602E-005
   20.299999999999997       ,    -1.0258030438690877E-005
   20.399999999999999       ,    -1.0132512879059186E-005
   20.500000000000000       ,    -1.0009098853699825E-005
   20.599999999999998       ,    -9.8877436184150680E-006
   20.699999999999999       ,    -9.7684035821322269E-006
   20.800000000000001       ,    -9.6510362720127181E-006
   20.900000000000002       ,    -9.5356002997720995E-006
   21.000000000000004       ,    -9.4220553291649563E-006
   21.100000000000005       ,    -9.3103620445881574E-006
   21.200000000000003       ,    -9.2004821207595393E-006
   21.300000000000004       ,    -9.0923781934306895E-006
   21.400000000000006       ,    -8.9860138310935174E-006
   21.500000000000007       ,    -8.8813535076429448E-006
   21.600000000000009       ,    -8.7783625759590547E-006
   21.700000000000010       ,    -8.6770072423741572E-006
   21.800000000000011       ,    -8.5772545419907831E-006
   21.900000000000009       ,    -8.4790723148191664E-006
   22.000000000000011       ,    -8.3824291827030473E-006
   22.100000000000012       ,    -8.2872945270048310E-006
   22.200000000000014       ,    -8.1936384670216100E-006
   22.300000000000015       ,    -8.1014318391052117E-006
   22.400000000000016       ,    -8.0106461764603495E-006
   22.500000000000018       ,    -7.9212536895957546E-006
   22.600000000000016       ,    -7.8332272474050275E-006
   22.700000000000017       ,    -7.7465403588539197E-006
   22.800000000000018       ,    -7.6611671552519288E-006
   22.900000000000020       ,    -7.5770823730880289E-006
   23.000000000000021       ,    -7.4942613374090163E-006
   23.100000000000023       ,    -7.4126799457223613E-006
   23.200000000000024       ,    -7.3323146524041655E-006
   23.300000000000022       ,    -7.2531424535943289E-006
   23.400000000000023       ,    -7.1751408725622801E-006
   23.500000000000025       ,    -7.0982879455261769E-006
   23.600000000000026       ,    -7.0225622079099304E-006
   23.700000000000028       ,    -6.9479426810229522E-006
   23.800000000000029       ,    -6.8744088591477402E-006
   23.900000000000027       ,    -6.8019406970212408E-006
   24.000000000000028       ,    -6.7305185976966183E-006
   24.100000000000030       ,    -6.6601234007722054E-006
   24.200000000000031       ,    -6.5907363709750339E-006
   24.300000000000033       ,    -6.5223391870872708E-006
   24.400000000000034       ,    -6.4549139312035272E-006
   24.500000000000036       ,    -6.3884430783080340E-006
   24.600000000000033       ,    -6.3229094861611471E-006
   24.700000000000035       ,    -6.2582963854843070E-006
   24.800000000000036       ,    -6.1945873704342582E-006
   24.900000000000038       ,    -6.1317663893561039E-006
   25.000000000000039       ,    -6.0698177358066731E-006
   25.100000000000041       ,    -6.0087260398387886E-006
   25.200000000000042       ,    -5.9484762595382219E-006
   25.300000000000040       ,    -5.8890536728049411E-006
   25.400000000000041       ,    -5.8304438693704726E-006
   25.500000000000043       ,    -5.7726327430442917E-006
   25.600000000000044       ,    -5.7156064841810891E-006
   25.700000000000045       ,    -5.6593515723625958E-006
   25.800000000000047       ,    -5.6038547692863450E-006
   25.900000000000048       ,    -5.5491031118552118E-006
   26.000000000000046       ,    -5.4950839054614048E-006
   26.100000000000048       ,    -5.4417847174581860E-006
   26.200000000000049       ,    -5.3891933708142099E-006
   26.300000000000050       ,    -5.3372979379438481E-006
   26.400000000000052       ,    -5.2860867347087900E-006
   26.500000000000053       ,    -5.2355483145848591E-006
   26.600000000000051       ,    -5.1856714629895515E-006
   26.700000000000053       ,    -5.1364451917648206E-006
   26.800000000000054       ,    -5.0878587338103295E-006
   26.900000000000055       ,    -5.0399015378631043E-006
   27.000000000000057       ,    -4.9925632634183111E-006
   27.100000000000058       ,    -4.9458337757873666E-006
   27.200000000000060       ,    -4.8997031412888850E-006
   27.300000000000058       ,    -4.8541616225689960E-006
   27.400000000000059       ,    -4.8091996740461166E-006
   27.500000000000060       ,    -4.7648079374775063E-006
   27.600000000000062       ,    -4.7209772376431755E-006
   27.700000000000063       ,    -4.6776985781441013E-006
   27.800000000000065       ,    -4.6349631373109510E-006
   27.900000000000066       ,    -4.5927622642204206E-006
   28.000000000000064       ,    -4.5510874748157431E-006
   28.100000000000065       ,    -4.5099304481282646E-006
   28.200000000000067       ,    -4.4692830225974066E-006
   28.300000000000068       ,    -4.4291371924857462E-006
   28.400000000000070       ,    -4.3894851043866996E-006
   28.500000000000071       ,    -4.3503190538220599E-006
   28.600000000000072       ,    -4.3116314819267537E-006
   28.700000000000070       ,    -4.2734149722181873E-006
   28.800000000000072       ,    -4.2356622474480261E-006
   28.900000000000073       ,    -4.1983661665337135E-006
   29.000000000000075       ,    -4.1615197215676880E-006
   29.100000000000076       ,    -4.1251160349019783E-006
   29.200000000000077       ,    -4.0891483563060059E-006
   29.300000000000075       ,    -4.0536100601955961E-006
   29.400000000000077       ,    -4.0184946429311649E-006
   29.500000000000078       ,    -3.9837957201830798E-006
   29.600000000000080       ,    -3.9495070243623794E-006
   29.700000000000081       ,    -3.9156224021149347E-006
   29.800000000000082       ,    -3.8821358118774677E-006
   29.900000000000084       ,    -3.8490413214933528E-006
   30.000000000000082       ,    -3.8163331058871284E-006
   30.100000000000083       ,    -3.7840054447953198E-006
   30.200000000000085       ,    -3.7520527205527915E-006
   30.300000000000086       ,    -3.7204694159325485E-006
   30.400000000000087       ,    -3.6892501120378834E-006
   30.500000000000089       ,    -3.6583894862451349E-006
   30.600000000000090       ,    -3.6278823101959886E-006
   30.700000000000088       ,    -3.5977234478377540E-006
   30.800000000000090       ,    -3.5679078535104138E-006
   30.900000000000091       ,    -3.5384305700791874E-006
   31.000000000000092       ,    -3.5092867271113186E-006
   31.100000000000094       ,    -3.4804715390960414E-006
   31.200000000000095       ,    -3.4519803037064280E-006
   31.300000000000097       ,    -3.4238084001020409E-006
   31.400000000000095       ,    -3.3959512872714628E-006
   31.500000000000096       ,    -3.3684045024133498E-006
   31.600000000000097       ,    -3.3411636593552768E-006
   31.700000000000099       ,    -3.3142244470092350E-006
   31.800000000000100       ,    -3.2875826278628693E-006
   31.900000000000102       ,    -3.2612340365054580E-006
   32.000000000000099       ,    -3.2351745781879255E-006
   32.100000000000101       ,    -3.2094002274156295E-006
   32.200000000000102       ,    -3.1839070265735633E-006
   32.300000000000104       ,    -3.1586910845826852E-006
   32.400000000000105       ,    -3.1337485755868713E-006
   32.500000000000107       ,    -3.1090757376695977E-006
   32.600000000000108       ,    -3.0846688715995872E-006
   32.700000000000109       ,    -3.0605243396046456E-006
   32.800000000000111       ,    -3.0366385641731890E-006
   32.900000000000112       ,    -3.0130080268823727E-006
   33.000000000000114       ,    -2.9896292672525210E-006
   33.100000000000108       ,    -2.9664988816270462E-006
   33.200000000000109       ,    -2.9436135220771336E-006
   33.300000000000111       ,    -2.9209698953307022E-006
   33.400000000000112       ,    -2.8985647617250387E-006
   33.500000000000114       ,    -2.8763949341823757E-006
   33.600000000000115       ,    -2.8544572772079786E-006
   33.700000000000117       ,    -2.8327487059101699E-006
   33.800000000000118       ,    -2.8112661850416653E-006
   33.900000000000119       ,    -2.7900067280618061E-006
   34.000000000000121       ,    -2.7689673962190664E-006
   34.100000000000122       ,    -2.7481452976534549E-006
   34.200000000000124       ,    -2.7275375865182045E-006
   34.300000000000125       ,    -2.7071414621204093E-006
   34.400000000000119       ,    -2.6869541680800087E-006
   34.500000000000121       ,    -2.6669729915068171E-006
   34.600000000000122       ,    -2.6471952621950503E-006
   34.700000000000124       ,    -2.6276183518349922E-006
   34.800000000000125       ,    -2.6082396732413554E-006
   34.900000000000126       ,    -2.5890566795979883E-006
   35.000000000000128       ,    -2.5700668637184448E-006
   35.100000000000129       ,    -2.5512677573221680E-006
   35.200000000000131       ,    -2.5326569303257610E-006
   35.300000000000132       ,    -2.5142319901491822E-006
   35.400000000000134       ,    -2.4959905810362868E-006
   35.500000000000135       ,    -2.4779303833896045E-006
   35.600000000000136       ,    -2.4600491131188314E-006
   35.700000000000138       ,    -2.4423445210028040E-006
   35.800000000000132       ,    -2.4248143920647114E-006
   35.900000000000134       ,    -2.4074565449600231E-006
   36.000000000000135       ,    -2.3902688313770761E-006
   36.100000000000136       ,    -2.3732491354499029E-006
   36.200000000000138       ,    -2.3563953731829867E-006
   36.300000000000139       ,    -2.3397054918878006E-006
   36.400000000000141       ,    -2.3231774696306935E-006
   36.500000000000142       ,    -2.3068093146920537E-006
   36.600000000000144       ,    -2.2905990650362564E-006
   36.700000000000145       ,    -2.2745447877924272E-006
   36.800000000000146       ,    -2.2586445787455245E-006
   36.900000000000148       ,    -2.2428965618376392E-006
   37.000000000000149       ,    -2.2272988886792993E-006
   37.100000000000144       ,    -2.2118497380704481E-006
   37.200000000000145       ,    -2.1965473155309578E-006
   37.300000000000146       ,    -2.1813898528404909E-006
   37.400000000000148       ,    -2.1663756075873770E-006
   37.500000000000149       ,    -2.1515028627264808E-006
   37.600000000000151       ,    -2.1367699261456524E-006
   37.700000000000152       ,    -2.1221751302407898E-006
   37.800000000000153       ,    -2.1077168314991399E-006
   37.900000000000155       ,    -2.0933934100907386E-006
   38.000000000000156       ,    -2.0792032694678407E-006
   38.100000000000158       ,    -2.0651448359721131E-006
   38.200000000000159       ,    -2.0512165584494002E-006
   38.300000000000161       ,    -2.0374169078719622E-006
   38.400000000000162       ,    -2.0237443769679844E-006
   38.500000000000156       ,    -2.0101974798582215E-006
   38.600000000000158       ,    -1.9967747516995434E-006
   38.700000000000159       ,    -1.9834747483354069E-006
   38.800000000000161       ,    -1.9702960459529031E-006
   38.900000000000162       ,    -1.9572372407463310E-006
   39.000000000000163       ,    -1.9442969485872252E-006
   39.100000000000165       ,    -1.9314738047005825E-006
   39.200000000000166       ,    -1.9187664633471638E-006
   39.300000000000168       ,    -1.9061735975119079E-006
   39.400000000000169       ,    -1.8936938985980174E-006
   39.500000000000171       ,    -1.8813260761269605E-006
   39.600000000000172       ,    -1.8690688574439531E-006
   39.700000000000173       ,    -1.8569209874290175E-006
   39.800000000000168       ,    -1.8448812282133462E-006
   39.900000000000169       ,    -1.8329483589010009E-006
   40.000000000000171       ,    -1.8211211752957069E-006
   40.100000000000172       ,    -1.8093984896327284E-006
   40.200000000000173       ,    -1.7977791303156734E-006
   40.300000000000175       ,    -1.7862619416581480E-006
   40.400000000000176       ,    -1.7748457836301157E-006
   40.500000000000178       ,    -1.7635295316089451E-006
   40.600000000000179       ,    -1.7523120761349587E-006
   40.700000000000180       ,    -1.7411923226714689E-006
   40.800000000000182       ,    -1.7301691913691379E-006
   40.900000000000183       ,    -1.7192416168346288E-006
   41.000000000000185       ,    -1.7084085479034345E-006
   41.100000000000186       ,    -1.6976689474168238E-006
   41.200000000000180       ,    -1.6870217920027501E-006
   41.300000000000182       ,    -1.6764660718607356E-006
   41.400000000000183       ,    -1.6660007905506194E-006
   41.500000000000185       ,    -1.6556249647850117E-006
   41.600000000000186       ,    -1.6453376242255440E-006
   41.700000000000188       ,    -1.6351378112826476E-006
   41.800000000000189       ,    -1.6250245809189637E-006
   41.900000000000190       ,    -1.6149970004561767E-006
   42.000000000000192       ,    -1.6050541493852921E-006
   42.100000000000193       ,    -1.5951951191802344E-006
   42.200000000000195       ,    -1.5854190131147519E-006
   42.300000000000196       ,    -1.5757249460824861E-006
   42.400000000000198       ,    -1.5661120444202524E-006
   42.500000000000192       ,    -1.5565794457343402E-006
   42.600000000000193       ,    -1.5471262987298924E-006
   42.700000000000195       ,    -1.5377517630432126E-006
   42.800000000000196       ,    -1.5284550090769947E-006
   42.900000000000198       ,    -1.5192352178384116E-006
   43.000000000000199       ,    -1.5100915807799961E-006
   43.100000000000200       ,    -1.5010232996432252E-006
   43.200000000000202       ,    -1.4920295863048724E-006
   43.300000000000203       ,    -1.4831096626258978E-006
   43.400000000000205       ,    -1.4742627603029924E-006
   43.500000000000206       ,    -1.4654881207226405E-006
   43.600000000000207       ,    -1.4567849948176474E-006
   43.700000000000209       ,    -1.4481526429261241E-006
   43.800000000000210       ,    -1.4395903346528611E-006
   43.900000000000205       ,    -1.4310973487330387E-006
   44.000000000000206       ,    -1.4226729728982451E-006
   44.100000000000207       ,    -1.4143165037447484E-006
   44.200000000000209       ,    -1.4060272466039950E-006
   44.300000000000210       ,    -1.3978045154152354E-006
   44.400000000000212       ,    -1.3896476326003503E-006
   44.500000000000213       ,    -1.3815559289407125E-006
   44.600000000000215       ,    -1.3735287434561127E-006
   44.700000000000216       ,    -1.3655654232857111E-006
   44.800000000000217       ,    -1.3576653235709515E-006
   44.900000000000219       ,    -1.3498278073404191E-006
   45.000000000000220       ,    -1.3420522453965905E-006
   45.100000000000222       ,    -1.3343380162044713E-006
   45.200000000000216       ,    -1.3266845057820299E-006
   45.300000000000217       ,    -1.3190911075924638E-006
   45.400000000000219       ,    -1.3115572224382249E-006
   45.500000000000220       ,    -1.3040822583567380E-006
   45.600000000000222       ,    -1.2966656305178733E-006
   45.700000000000223       ,    -1.2893067611230582E-006
   45.800000000000225       ,    -1.2820050793060233E-006
   45.900000000000226       ,    -1.2747600210351709E-006
   46.000000000000227       ,    -1.2675710290175124E-006
   46.100000000000229       ,    -1.2604375526041527E-006
   46.200000000000230       ,    -1.2533590476973124E-006
   46.300000000000232       ,    -1.2463349766588246E-006
   46.400000000000233       ,    -1.2393648082201083E-006
   46.500000000000234       ,    -1.2324480173935741E-006
   46.600000000000229       ,    -1.2255840853854658E-006
   46.700000000000230       ,    -1.2187724995100538E-006
   46.800000000000232       ,    -1.2120127531052307E-006
   46.900000000000233       ,    -1.2053043454494197E-006
   47.000000000000234       ,    -1.1986467816798043E-006
   47.100000000000236       ,    -1.1920395727118651E-006
   47.200000000000237       ,    -1.1854822351601572E-006
   47.300000000000239       ,    -1.1789742912603592E-006
   47.400000000000240       ,    -1.1725152687925424E-006
   47.500000000000242       ,    -1.1661047010056289E-006
   47.600000000000243       ,    -1.1597421265430225E-006
   47.700000000000244       ,    -1.1534270893694469E-006
   47.800000000000246       ,    -1.1471591386988695E-006
   47.900000000000240       ,    -1.1409378289235867E-006
   48.000000000000242       ,    -1.1347627195443729E-006
   48.100000000000243       ,    -1.1286333751017335E-006
   48.200000000000244       ,    -1.1225493651082183E-006
   48.300000000000246       ,    -1.1165102639817822E-006
   48.400000000000247       ,    -1.1105156509801493E-006
   48.500000000000249       ,    -1.1045651101362015E-006
   48.600000000000250       ,    -1.0986582301943679E-006
   48.700000000000252       ,    -1.0927946045479620E-006
   48.800000000000253       ,    -1.0869738311774839E-006
   48.900000000000254       ,    -1.0811955125898830E-006
   49.000000000000256       ,    -1.0754592557587177E-006
   49.100000000000257       ,    -1.0697646720652182E-006
   49.200000000000259       ,    -1.0641113772402785E-006
   49.300000000000253       ,    -1.0584989913072925E-006
   49.400000000000254       ,    -1.0529271385258553E-006
   49.500000000000256       ,    -1.0473954473363331E-006
   49.600000000000257       ,    -1.0419035503052339E-006
   49.700000000000259       ,    -1.0364510840714319E-006
   49.800000000000260       ,    -1.0310376892931623E-006
   49.900000000000261       ,    -1.0256630105958382E-006
   50.000000000000263       ,    -1.0203266965206267E-006
   50.100000000000264       ,    -1.0150283994738000E-006
   50.200000000000266       ,    -1.0097677756768144E-006
   50.300000000000267       ,    -1.0045444851171806E-006
   50.400000000000269       ,    -9.9935819149999569E-007
   50.500000000000270       ,    -9.9420856220025011E-007
   50.600000000000264       ,    -9.8909526821579771E-007
   50.700000000000266       ,    -9.8401798412101775E-007
   50.800000000000267       ,    -9.7897638802119972E-007
   50.900000000000269       ,    -9.7397016150754064E-007
   51.000000000000270       ,    -9.6899898961284464E-007
   51.100000000000271       ,    -9.6406256076782492E-007
   51.200000000000273       ,    -9.5916056675809677E-007
   51.300000000000274       ,    -9.5429270268174115E-007
   51.400000000000276       ,    -9.4945866690753393E-007
   51.500000000000277       ,    -9.4465816103373530E-007
   51.600000000000279       ,    -9.3989088984750239E-007
   51.700000000000280       ,    -9.3515656128488104E-007
   51.800000000000281       ,    -9.3045488639137259E-007
   51.900000000000283       ,    -9.2578557928307183E-007
   52.000000000000277       ,    -9.2114835710834656E-007
   52.100000000000279       ,    -9.1654294001009510E-007
   52.200000000000280       ,    -9.1196905108850719E-007
   52.300000000000281       ,    -9.0742641636439632E-007
   52.400000000000283       ,    -9.0291476474300931E-007
   52.500000000000284       ,    -8.9843382797839298E-007
   52.600000000000286       ,    -8.9398334063823801E-007
   52.700000000000287       ,    -8.8956304006923393E-007
   52.800000000000288       ,    -8.8517266636290943E-007
   52.900000000000290       ,    -8.8081196232194429E-007
   53.000000000000291       ,    -8.7648067342699109E-007
   53.100000000000293       ,    -8.7217854780391388E-007
   53.200000000000294       ,    -8.6790533619152449E-007
   53.300000000000288       ,    -8.6366079190975484E-007
   53.400000000000290       ,    -8.5944467082827342E-007
   53.500000000000291       ,    -8.5525673133555120E-007
   53.600000000000293       ,    -8.5109673430834594E-007
   53.700000000000294       ,    -8.4696444308160970E-007
   53.800000000000296       ,    -8.4285962341883257E-007
   53.900000000000297       ,    -8.3878204348277341E-007
   54.000000000000298       ,    -8.3473147380661598E-007
   54.100000000000300       ,    -8.3070768726550299E-007
   54.200000000000301       ,    -8.2671045904847812E-007
   54.300000000000303       ,    -8.2273956663081226E-007
   54.400000000000304       ,    -8.1879478974670205E-007
   54.500000000000306       ,    -8.1487591036234660E-007
   54.600000000000307       ,    -8.1098271264939943E-007
   54.700000000000301       ,    -8.0711498295876040E-007
   54.800000000000303       ,    -8.0327250979476362E-007
   54.900000000000304       ,    -7.9945508378967637E-007
   55.000000000000306       ,    -7.9566249767856474E-007
   55.100000000000307       ,    -7.9189454627450507E-007
   55.200000000000308       ,    -7.8815102644411710E-007
   55.300000000000310       ,    -7.8443173708343009E-007
   55.400000000000311       ,    -7.8073647909408850E-007
   55.500000000000313       ,    -7.7706505535985868E-007
   55.600000000000314       ,    -7.7341727072346412E-007
   55.700000000000315       ,    -7.6979293196372646E-007
   55.800000000000317       ,    -7.6619184777301533E-007
   55.900000000000318       ,    -7.6261382873499737E-007
   56.000000000000313       ,    -7.5905868730268174E-007
   56.100000000000314       ,    -7.5552623777676235E-007
   56.200000000000315       ,    -7.5201629628424053E-007
   56.300000000000317       ,    -7.4852868075734642E-007
   56.400000000000318       ,    -7.4506321091271911E-007
   56.500000000000320       ,    -7.4161970823087402E-007
   56.600000000000321       ,    -7.3819799593595077E-007
   56.700000000000323       ,    -7.3479789897569793E-007
   56.800000000000324       ,    -7.3141924400176789E-007
   56.900000000000325       ,    -7.2806185935021984E-007
   57.000000000000327       ,    -7.2472557502231312E-007
   57.100000000000328       ,    -7.2141022266553910E-007
   57.200000000000330       ,    -7.1811563555490676E-007
   57.300000000000331       ,    -7.1484164857446686E-007
   57.400000000000325       ,    -7.1158809819907351E-007
   57.500000000000327       ,    -7.0835482247640371E-007
   57.600000000000328       ,    -7.0514166100917704E-007
   57.700000000000330       ,    -7.0194845493763669E-007
   57.800000000000331       ,    -6.9877504692224216E-007
   57.900000000000333       ,    -6.9562128112658057E-007
   58.000000000000334       ,    -6.9248700320051875E-007
   58.100000000000335       ,    -6.8937206026355027E-007
   58.200000000000337       ,    -6.8627630088836138E-007
   58.300000000000338       ,    -6.8319957508462910E-007
   58.400000000000340       ,    -6.8014173428299121E-007
   58.500000000000341       ,    -6.7710263131925451E-007
   58.600000000000342       ,    -6.7408212041877846E-007
   58.700000000000337       ,    -6.7108005718107287E-007
   58.800000000000338       ,    -6.6809629856459640E-007
   58.900000000000340       ,    -6.6513070287173283E-007
   59.000000000000341       ,    -6.6218312973396526E-007
   59.100000000000342       ,    -6.5925344009723511E-007
   59.200000000000344       ,    -6.5634149620749908E-007
   59.300000000000345       ,    -6.5344716159644899E-007
   59.400000000000347       ,    -6.5057030106742670E-007
   59.500000000000348       ,    -6.4771078068150968E-007
   59.600000000000350       ,    -6.4486846774376420E-007
   59.700000000000344       ,    -6.4204323078969333E-007
   59.800000000000338       ,    -6.3923493957183052E-007
   59.900000000000333       ,    -6.3644346504650854E-007
   60.000000000000327       ,    -6.3366867936080560E-007
   60.100000000000321       ,    -6.3091045583963071E-007
   60.200000000000315       ,    -6.2816866897299578E-007
   60.300000000000310       ,    -6.2544319440342439E-007
   60.400000000000304       ,    -6.2273390891352721E-007
   60.500000000000298       ,    -6.2004069041372858E-007
   60.600000000000293       ,    -6.1736341793014813E-007
   60.700000000000287       ,    -6.1470197159262763E-007
   60.800000000000281       ,    -6.1205623262290070E-007
   60.900000000000276       ,    -6.0942608332292803E-007
   61.000000000000270       ,    -6.0681140706334423E-007
   61.100000000000264       ,    -6.0421208827208423E-007
   61.200000000000259       ,    -6.0162801242310456E-007
   61.300000000000253       ,    -5.9905906602529057E-007
   61.400000000000247       ,    -5.9650513661145744E-007
   61.500000000000242       ,    -5.9396611272751019E-007
   61.600000000000236       ,    -5.9144188392172628E-007
   61.700000000000230       ,    -5.8893234073417490E-007
   61.800000000000225       ,    -5.8643737468624805E-007
   61.900000000000219       ,    -5.8395687827034136E-007
   62.000000000000213       ,    -5.8149074493964610E-007
   62.100000000000207       ,    -5.7903886909805979E-007
   62.200000000000202       ,    -5.7660114609023150E-007
   62.300000000000196       ,    -5.7417747219171983E-007
   62.400000000000190       ,    -5.7176774459926444E-007
   62.500000000000185       ,    -5.6937186142118798E-007
   62.600000000000179       ,    -5.6698972166789863E-007
   62.700000000000173       ,    -5.6462122524251303E-007
   62.800000000000168       ,    -5.6226627293158509E-007
   62.900000000000162       ,    -5.5992476639596649E-007
   63.000000000000156       ,    -5.5759660816173644E-007
   63.100000000000151       ,    -5.5528170161128463E-007
   63.200000000000145       ,    -5.5297995097445830E-007
   63.300000000000139       ,    -5.5069126131984995E-007
   63.400000000000134       ,    -5.4841553854616012E-007
   63.500000000000128       ,    -5.4615268937368284E-007
   63.600000000000122       ,    -5.4390262133587098E-007
   63.700000000000117       ,    -5.4166524277102524E-007
   63.800000000000111       ,    -5.3944046281405838E-007
   63.900000000000105       ,    -5.3722819138836503E-007
   64.000000000000099       ,    -5.3502833919779781E-007
   64.100000000000094       ,    -5.3284081771871301E-007
   64.200000000000088       ,    -5.3066553919213629E-007
   64.300000000000082       ,    -5.2850241661598997E-007
   64.400000000000077       ,    -5.2635136373744871E-007
   64.500000000000071       ,    -5.2421229504533799E-007
   64.600000000000065       ,    -5.2208512576266644E-007
   64.700000000000060       ,    -5.1996977183920947E-007
   64.800000000000054       ,    -5.1786614994420443E-007
   64.900000000000048       ,    -5.1577417745910968E-007
   65.000000000000043       ,    -5.1369377247045863E-007
   65.100000000000037       ,    -5.1162485376279801E-007
   65.200000000000031       ,    -5.0956734081169385E-007
   65.300000000000026       ,    -5.0752115377684100E-007
   65.400000000000020       ,    -5.0548621349522494E-007
   65.500000000000014       ,    -5.0346244147437757E-007
   65.600000000000009       ,    -5.0144975988571690E-007
   65.700000000000003       ,    -4.9944809155793573E-007
   65.799999999999997       ,    -4.9745735997050241E-007
   65.899999999999991       ,    -4.9547748924720258E-007
   65.999999999999986       ,    -4.9350840414977068E-007
   66.099999999999980       ,    -4.9155003007159893E-007
   66.199999999999974       ,    -4.8960229303149713E-007
   66.299999999999969       ,    -4.8766511966754857E-007
   66.399999999999963       ,    -4.8573843723101548E-007
   66.499999999999957       ,    -4.8382217358032164E-007
   66.599999999999952       ,    -4.8191625717510235E-007
   66.699999999999946       ,    -4.8002061707031559E-007
   66.799999999999940       ,    -4.7813518291043586E-007
   66.899999999999935       ,    -4.7625988492369150E-007
   66.999999999999929       ,    -4.7439465391638043E-007
   67.099999999999923       ,    -4.7253942126724290E-007
   67.199999999999918       ,    -4.7069411892190584E-007
   67.299999999999912       ,    -4.6885867938737940E-007
   67.399999999999906       ,    -4.6703303572661437E-007
   67.499999999999901       ,    -4.6521712155313524E-007
   67.599999999999895       ,    -4.6341087102571335E-007
   67.699999999999889       ,    -4.6161421884310977E-007
   67.799999999999883       ,    -4.5982710023887544E-007
   67.899999999999878       ,    -4.5804945097620973E-007
   67.999999999999872       ,    -4.5628120734286792E-007
   68.099999999999866       ,    -4.5452230614613819E-007
   68.199999999999861       ,    -4.5277268470786034E-007
   68.299999999999855       ,    -4.5103228085950942E-007
   68.399999999999849       ,    -4.4930103293732684E-007
   68.499999999999844       ,    -4.4757887977750806E-007
   68.599999999999838       ,    -4.4586576071144291E-007
   68.699999999999832       ,    -4.4416161556100941E-007
   68.799999999999827       ,    -4.4246638463391001E-007
   68.899999999999821       ,    -4.4078000871907346E-007
   68.999999999999815       ,    -4.3910242908209240E-007
   69.099999999999810       ,    -4.3743358746072182E-007
   69.199999999999804       ,    -4.3577342606041878E-007
   69.299999999999798       ,    -4.3412188754993221E-007
   69.399999999999793       ,    -4.3247891505694703E-007
   69.499999999999787       ,    -4.3084445216376049E-007
   69.599999999999781       ,    -4.2921844290302308E-007
   69.699999999999775       ,    -4.2760083175351224E-007
   69.799999999999770       ,    -4.2599156363595464E-007
   69.899999999999764       ,    -4.2439058390890151E-007
   69.999999999999758       ,    -4.2279783836463354E-007
   70.099999999999753       ,    -4.2121327322512136E-007
   70.199999999999747       ,    -4.1963683513802537E-007
   70.299999999999741       ,    -4.1806847117273828E-007
   70.399999999999736       ,    -4.1650812881647009E-007
   70.499999999999730       ,    -4.1495575597037393E-007
   70.599999999999724       ,    -4.1341130094571504E-007
   70.699999999999719       ,    -4.1187471246007700E-007
   70.799999999999713       ,    -4.1034593963361506E-007
   70.899999999999707       ,    -4.0882493198534112E-007
   70.999999999999702       ,    -4.0731163942945224E-007
   71.099999999999696       ,    -4.0580601227169671E-007
   71.199999999999690       ,    -4.0430800120578290E-007
   71.299999999999685       ,    -4.0281755730981568E-007
   71.399999999999679       ,    -4.0133463204278403E-007
   71.499999999999673       ,    -3.9985917724107321E-007
   71.599999999999667       ,    -3.9839114511502113E-007
   71.699999999999662       ,    -3.9693048824550696E-007
   71.799999999999656       ,    -3.9547715958057810E-007
   71.899999999999650       ,    -3.9403111243211126E-007
   71.999999999999645       ,    -3.9259230047250852E-007
   72.099999999999639       ,    -3.9116067773142463E-007
   72.199999999999633       ,    -3.8973619859253795E-007
   72.299999999999628       ,    -3.8831881779034053E-007
   72.399999999999622       ,    -3.8690849040697735E-007
   72.499999999999616       ,    -3.8550517186910146E-007
   72.599999999999611       ,    -3.8410881794478178E-007
   72.699999999999605       ,    -3.8271938474042227E-007
   72.799999999999599       ,    -3.8133682869772415E-007
   72.899999999999594       ,    -3.7996110659068516E-007
   72.999999999999588       ,    -3.7859217552261240E-007
   73.099999999999582       ,    -3.7722999292318028E-007
   73.199999999999577       ,    -3.7587451654551734E-007
   73.299999999999571       ,    -3.7452570446331123E-007
   73.399999999999565       ,    -3.7318351506796174E-007
   73.499999999999559       ,    -3.7184790706574793E-007
   73.599999999999554       ,    -3.7051883947503078E-007
   73.699999999999548       ,    -3.6919627162347811E-007
   73.799999999999542       ,    -3.6788016314533232E-007
   73.899999999999537       ,    -3.6657047397868919E-007
   73.999999999999531       ,    -3.6526716436281356E-007
   74.099999999999525       ,    -3.6397019483548255E-007
   74.199999999999520       ,    -3.6267952623034483E-007
   74.299999999999514       ,    -3.6139511967432925E-007
   74.399999999999508       ,    -3.6011693658505040E-007
   74.499999999999503       ,    -3.5884493866826836E-007
   74.599999999999497       ,    -3.5757908791535259E-007
   74.699999999999491       ,    -3.5631934660078550E-007
   74.799999999999486       ,    -3.5506567727968060E-007
   74.899999999999480       ,    -3.5381804278533382E-007
   74.999999999999474       ,    -3.5257640622679904E-007
   75.099999999999469       ,    -3.5134073098647852E-007
   75.199999999999463       ,    -3.5011098071774857E-007
   75.299999999999457       ,    -3.4888711934260177E-007
   75.399999999999437       ,    -3.4766911104931838E-007
   75.499999999999432       ,    -3.4645692029015616E-007
   75.599999999999426       ,    -3.4525051177906337E-007
   75.699999999999420       ,    -3.4404985048941881E-007
   75.799999999999415       ,    -3.4285490165179124E-007
   75.899999999999409       ,    -3.4166563075171648E-007
   75.999999999999403       ,    -3.4048200352751047E-007
   76.099999999999397       ,    -3.3930398596808844E-007
   76.199999999999392       ,    -3.3813154431080965E-007
   76.299999999999386       ,    -3.3696464503935589E-007
   76.399999999999380       ,    -3.3580325488160844E-007
   76.499999999999375       ,    -3.3464734080756723E-007
   76.599999999999369       ,    -3.3349687002727784E-007
   76.699999999999363       ,    -3.3235180998878310E-007
   76.799999999999358       ,    -3.3121212837609195E-007
   76.899999999999352       ,    -3.3007779310717840E-007
   76.999999999999346       ,    -3.2894877233197739E-007
   77.099999999999341       ,    -3.2782503443043348E-007
   77.199999999999335       ,    -3.2670654801052932E-007
   77.299999999999329       ,    -3.2559328190637378E-007
   77.399999999999324       ,    -3.2448520517627495E-007
   77.499999999999318       ,    -3.2338228710085045E-007
   77.599999999999312       ,    -3.2228449718115335E-007
   77.699999999999307       ,    -3.2119180513681119E-007
   77.799999999999301       ,    -3.2010418090418690E-007
   77.899999999999295       ,    -3.1902159463455782E-007
   77.999999999999289       ,    -3.1794401669230884E-007
   78.099999999999284       ,    -3.1687141765314865E-007
   78.199999999999278       ,    -3.1580376830233721E-007
   78.299999999999272       ,    -3.1474103963293169E-007
   78.399999999999267       ,    -3.1368320284405468E-007
   78.499999999999261       ,    -3.1263022933917062E-007
   78.599999999999255       ,    -3.1158209072438602E-007
   78.699999999999250       ,    -3.1053875880676068E-007
   78.799999999999244       ,    -3.0950020559263789E-007
   78.899999999999238       ,    -3.0846640328598811E-007
   78.999999999999233       ,    -3.0743732428677554E-007
   79.099999999999227       ,    -3.0641294118932762E-007
   79.199999999999221       ,    -3.0539322678073241E-007
   79.299999999999216       ,    -3.0437815403924426E-007
   79.399999999999210       ,    -3.0336769613270836E-007
   79.499999999999204       ,    -3.0236182641699439E-007
   79.599999999999199       ,    -3.0136051843445227E-007
   79.699999999999193       ,    -3.0036374591237667E-007
   79.799999999999187       ,    -2.9937148276149129E-007
   79.899999999999181       ,    -2.9838370307444344E-007
   79.999999999999176       ,    -2.9740038112431136E-007
