  0.10000000000000001      ,  -0.28361540209787006     
  0.20000000000000001      ,   -7.0706452415136054E-002
  0.29999999999999999      ,   -3.1311422257043496E-002
  0.40000000000000002      ,   -1.7538864532566645E-002
  0.50000000000000000      ,   -1.1173104081016896E-002
  0.59999999999999998      ,   -7.7208271055561111E-003
  0.69999999999999996      ,   -5.6430481159451271E-003
  0.79999999999999993      ,   -4.2972165494463777E-003
  0.89999999999999991      ,   -3.3765318936159875E-003
  0.99999999999999989      ,   -2.7195021415721086E-003
   1.0999999999999999      ,   -2.2345662907483311E-003
   1.2000000000000000      ,   -1.8666794273243773E-003
   1.3000000000000000      ,   -1.5811413883414294E-003
   1.4000000000000001      ,   -1.3552018567681171E-003
   1.5000000000000002      ,   -1.1734446024343440E-003
   1.6000000000000003      ,   -1.0251248160200932E-003
   1.7000000000000004      ,   -9.0256925913283399E-004
   1.8000000000000005      ,   -8.0018074447066887E-004
   1.9000000000000006      ,   -7.1379951698803744E-004
   2.0000000000000004      ,   -6.4028249115342440E-004
   2.1000000000000005      ,   -5.7721939261358413E-004
   2.2000000000000006      ,   -5.2273718033890950E-004
   2.3000000000000007      ,   -4.7536272154722465E-004
   2.4000000000000008      ,   -4.3392470959390591E-004
   2.5000000000000009      ,   -3.9748251805177292E-004
   2.6000000000000010      ,   -3.6527386074617046E-004
   2.7000000000000011      ,   -3.3667578681324459E-004
   2.8000000000000012      ,   -3.1117526683267527E-004
   2.9000000000000012      ,   -2.8834676804406122E-004
   3.0000000000000013      ,   -2.6783498439844503E-004
   3.1000000000000014      ,   -2.4934141130592333E-004
   3.2000000000000015      ,   -2.3261381782690914E-004
   3.3000000000000016      ,   -2.1743792363128792E-004
   3.4000000000000017      ,   -2.0363076883703936E-004
   3.5000000000000018      ,   -1.9103539469592134E-004
   3.6000000000000014      ,   -1.7951654736504886E-004
   3.7000000000000015      ,   -1.6895718612736096E-004
   3.8000000000000016      ,   -1.5925562858577777E-004
   3.9000000000000017      ,   -1.5032320355851274E-004
   4.0000000000000018      ,   -1.4208231116659428E-004
   4.1000000000000023      ,   -1.3446481143221742E-004
   4.2000000000000020      ,   -1.2741067939377889E-004
   4.3000000000000025      ,   -1.2086687759089773E-004
   4.4000000000000021      ,   -1.1478640673003508E-004
   4.5000000000000027      ,   -1.0912750310776644E-004
   4.6000000000000023      ,   -1.0385295746281554E-004
   4.7000000000000020      ,   -9.8929534737418246E-005
   4.8000000000000025      ,   -9.4327478044887780E-005
   4.9000000000000021      ,   -9.0020083184444029E-005
   5.0000000000000027      ,   -8.5983332484727745E-005
   5.1000000000000023      ,   -8.2195578723127710E-005
   5.2000000000000028      ,   -7.8637271458612600E-005
   5.3000000000000025      ,   -7.5290719408460123E-005
   5.4000000000000030      ,   -7.2139883554326784E-005
   5.5000000000000027      ,   -6.9170196527581945E-005
   5.6000000000000032      ,   -6.6368404535035826E-005
   5.7000000000000028      ,   -6.3722428673367715E-005
   5.8000000000000034      ,   -6.1221242967149820E-005
   5.9000000000000030      ,   -5.8854766869950357E-005
   6.0000000000000036      ,   -5.6613770305540452E-005
   6.1000000000000032      ,   -5.4489789608741896E-005
   6.2000000000000037      ,   -5.2475052962629414E-005
   6.3000000000000034      ,   -5.0562414128512924E-005
   6.4000000000000039      ,   -4.8745293433790234E-005
   6.5000000000000036      ,   -4.7017625125593699E-005
   6.6000000000000041      ,   -4.5373810319425330E-005
   6.7000000000000037      ,   -4.3808674875237899E-005
   6.8000000000000034      ,   -4.2317431621544144E-005
   6.9000000000000039      ,   -4.0895646423542048E-005
   7.0000000000000036      ,   -3.9539207655904389E-005
   7.1000000000000041      ,   -3.8244298696486146E-005
   7.2000000000000037      ,   -3.7007373105082040E-005
   7.3000000000000043      ,   -3.5825132192723053E-005
   7.4000000000000039      ,   -3.4694504722781551E-005
   7.5000000000000044      ,   -3.3612628516168028E-005
   7.6000000000000032      ,   -3.2576833759856106E-005
   7.7000000000000028      ,   -3.1584627841421892E-005
   7.8000000000000016      ,   -3.0633681552741784E-005
   7.9000000000000012      ,   -2.9721816523858545E-005
   8.0000000000000000      ,   -2.8846993763666156E-005
   8.0999999999999996      ,   -2.8007303197775800E-005
   8.1999999999999993      ,   -2.7200954105962524E-005
   8.2999999999999989      ,   -2.6426266372186269E-005
   8.3999999999999968      ,   -2.5681662469513169E-005
   8.4999999999999964      ,   -2.4965660110494419E-005
   8.5999999999999961      ,   -2.4276865500839796E-005
   8.6999999999999957      ,   -2.3613967140664736E-005
   8.7999999999999936      ,   -2.2975730123294966E-005
   8.8999999999999932      ,   -2.2360990886687903E-005
   8.9999999999999929      ,   -2.1768652377024596E-005
   9.0999999999999925      ,   -2.1197679588045290E-005
   9.1999999999999922      ,   -2.0647095443269005E-005
   9.2999999999999901      ,   -2.0115976991427429E-005
   9.3999999999999897      ,   -1.9603451888292460E-005
   9.4999999999999893      ,   -1.9108695140629690E-005
   9.5999999999999890      ,   -1.8630926090285136E-005
   9.6999999999999869      ,   -1.8169405618469370E-005
   9.7999999999999865      ,   -1.7723433552133772E-005
   9.8999999999999861      ,   -1.7292346255990141E-005
   9.9999999999999858      ,   -1.6875514395211180E-005
   10.099999999999985      ,   -1.6472340855185955E-005
   10.199999999999983      ,   -1.6082258805915432E-005
   10.299999999999983      ,   -1.5704729899720787E-005
   10.399999999999983      ,   -1.5339242591923617E-005
   10.499999999999982      ,   -1.4985310575047015E-005
   10.599999999999980      ,   -1.4642471317894465E-005
   10.699999999999980      ,   -1.4310284701593420E-005
   10.799999999999979      ,   -1.3988331745353348E-005
   10.899999999999979      ,   -1.3676213415292016E-005
   10.999999999999977      ,   -1.3373549510228453E-005
   11.099999999999977      ,   -1.3079977618840617E-005
   11.199999999999976      ,   -1.2795152143037920E-005
   11.299999999999976      ,   -1.2518743382812194E-005
   11.399999999999975      ,   -1.2250436678206501E-005
   11.499999999999973      ,   -1.1989931604385138E-005
   11.599999999999973      ,   -1.1736941216102943E-005
   11.699999999999973      ,   -1.1491191338156471E-005
   11.799999999999972      ,   -1.1252419898665121E-005
   11.899999999999970      ,   -1.1020376302268425E-005
   11.999999999999970      ,   -1.0794820840546611E-005
   12.099999999999969      ,   -1.0575524137173758E-005
   12.199999999999969      ,   -1.0362266625497659E-005
   12.299999999999969      ,   -1.0154838056410587E-005
   12.399999999999967      ,   -9.9530370345324395E-006
   12.499999999999966      ,   -9.7566705808697408E-006
   12.599999999999966      ,   -9.5655537202479361E-006
   12.699999999999966      ,   -9.3795090919353012E-006
   12.799999999999963      ,   -9.1983665819893638E-006
   12.899999999999963      ,   -9.0219629759598580E-006
   12.999999999999963      ,   -8.8501416306779802E-006
   13.099999999999962      ,   -8.6827521639503044E-006
   13.199999999999960      ,   -8.5196501610551112E-006
   13.299999999999960      ,   -8.3606968970176491E-006
   13.399999999999959      ,   -8.2057590737063013E-006
   13.499999999999959      ,   -8.0547085708599872E-006
   13.599999999999959      ,   -7.9074222102132081E-006
   13.699999999999957      ,   -7.7637815319430129E-006
   13.799999999999956      ,   -7.6236725827124168E-006
   13.899999999999956      ,   -7.4869857146315445E-006
   13.999999999999956      ,   -7.3536153945034983E-006
   14.099999999999953      ,   -7.2234600227611112E-006
   14.199999999999953      ,   -7.0964217615403723E-006
   14.299999999999953      ,   -6.9724063713700914E-006
   14.399999999999952      ,   -6.8513230559918403E-006
   14.499999999999952      ,   -6.7330843148533328E-006
   14.599999999999950      ,   -6.6176058028478601E-006
   14.699999999999950      ,   -6.5048061968983835E-006
   14.799999999999949      ,   -6.3946070690099711E-006
   14.899999999999949      ,   -6.2869327654368573E-006
   14.999999999999948      ,   -6.1817102916323827E-006
   15.099999999999950      ,   -6.0788692026694544E-006
   15.199999999999951      ,   -5.9783414988389704E-006
   15.299999999999951      ,   -5.8800615261495625E-006
   15.399999999999952      ,   -5.7839658814700239E-006
   15.499999999999954      ,   -5.6899933220698564E-006
   15.599999999999955      ,   -5.5980846793280387E-006
   15.699999999999955      ,   -5.5081827763938333E-006
   15.799999999999956      ,   -5.4202323495951640E-006
   15.899999999999958      ,   -5.3341799734026039E-006
   15.999999999999957      ,   -5.2499739887676319E-006
   16.099999999999959      ,   -5.1675644346639610E-006
   16.199999999999960      ,   -5.0869029826706294E-006
   16.299999999999962      ,   -5.0079428744445308E-006
   16.399999999999963      ,   -4.9306388619384465E-006
   16.499999999999961      ,   -4.8549471502289132E-006
   16.599999999999962      ,   -4.7808253428250201E-006
   16.699999999999964      ,   -4.7082323893373645E-006
   16.799999999999965      ,   -4.6371285353919644E-006
   16.899999999999967      ,   -4.5674752746805797E-006
   16.999999999999968      ,   -4.4992353030448664E-006
   17.099999999999969      ,   -4.4323724744972067E-006
   17.199999999999967      ,   -4.3668517590858134E-006
   17.299999999999969      ,   -4.3026392025171202E-006
   17.399999999999970      ,   -4.2397018874529873E-006
   17.499999999999972      ,   -4.1780078964039952E-006
   17.599999999999973      ,   -4.1175262761452678E-006
   17.699999999999974      ,   -4.0582270035835678E-006
   17.799999999999976      ,   -4.0000809530098144E-006
   17.899999999999974      ,   -3.9430598646730427E-006
   17.999999999999975      ,   -3.8871363146158097E-006
   18.099999999999977      ,   -3.8322836857143060E-006
   18.199999999999978      ,   -3.7784761398684229E-006
   18.299999999999979      ,   -3.7256885912906542E-006
   18.399999999999981      ,   -3.6738966808448835E-006
   18.499999999999979      ,   -3.6230767513883097E-006
   18.599999999999980      ,   -3.5732058240725440E-006
   18.699999999999982      ,   -3.5242615755617640E-006
   18.799999999999983      ,   -3.4762223161277782E-006
   18.899999999999984      ,   -3.4290669685842121E-006
   18.999999999999986      ,   -3.3827750480233393E-006
   19.099999999999987      ,   -3.3373266423212530E-006
   19.199999999999985      ,   -3.2927023933784496E-006
   19.299999999999986      ,   -3.2488834790645581E-006
   19.399999999999988      ,   -3.2058515958375046E-006
   19.499999999999989      ,   -3.1635889420085982E-006
   19.599999999999991      ,   -3.1220782016266267E-006
   19.699999999999992      ,   -3.0813025289549664E-006
   19.799999999999994      ,   -3.0412455335172514E-006
   19.899999999999991      ,   -3.0018912656881770E-006
   19.999999999999993      ,   -2.9632242028068202E-006
   20.099999999999994      ,   -2.9252292357913708E-006
   20.199999999999996      ,   -2.8878916562346228E-006
   20.299999999999997      ,   -2.8511971439610612E-006
   20.399999999999999      ,   -2.8151317550266524E-006
   20.500000000000000      ,   -2.7796819101437170E-006
   20.599999999999998      ,   -2.7448343835138926E-006
   20.699999999999999      ,   -2.7105762920530204E-006
   20.800000000000001      ,   -2.6768950849923352E-006
   20.900000000000002      ,   -2.6437785338412837E-006
   21.000000000000004      ,   -2.6112147226977458E-006
   21.100000000000005      ,   -2.5791920388919642E-006
   21.200000000000003      ,   -2.5476991639515092E-006
   21.300000000000004      ,   -2.5167250648746465E-006
   21.400000000000006      ,   -2.4862589857003107E-006
   21.500000000000007      ,   -2.4562904393633028E-006
   21.600000000000009      ,   -2.4268091998239464E-006
   21.700000000000010      ,   -2.3978052944615183E-006
   21.800000000000011      ,   -2.3692689967218556E-006
   21.900000000000009      ,   -2.3411908190092403E-006
   22.000000000000011      ,   -2.3135615058135588E-006
   22.100000000000012      ,   -2.2863720270640193E-006
   22.200000000000014      ,   -2.2596135717008517E-006
   22.300000000000015      ,   -2.2332775414570649E-006
   22.400000000000016      ,   -2.2073555448425025E-006
   22.500000000000018      ,   -2.1818393913226834E-006
   22.600000000000016      ,   -2.1567210856854447E-006
   22.700000000000017      ,   -2.1319928225885372E-006
   22.800000000000018      ,   -2.1076469812815284E-006
   22.900000000000020      ,   -2.0836761204958377E-006
   23.000000000000021      ,   -2.0600729734968167E-006
   23.100000000000023      ,   -2.0368304432920855E-006
   23.200000000000024      ,   -2.0139415979906405E-006
   23.300000000000022      ,   -1.9913996663072048E-006
   23.400000000000023      ,   -1.9691980332069374E-006
   23.500000000000025      ,   -1.9473302356853624E-006
   23.600000000000026      ,   -1.9257899586788766E-006
   23.700000000000028      ,   -1.9045710311013233E-006
   23.800000000000029      ,   -1.8836674220021547E-006
   23.900000000000027      ,   -1.8630732368420040E-006
   24.000000000000028      ,   -1.8427827138817478E-006
   24.100000000000030      ,   -1.8227902206809214E-006
   24.200000000000031      ,   -1.8030902507020166E-006
   24.300000000000033      ,   -1.7836774200168793E-006
   24.400000000000034      ,   -1.7645464641117774E-006
   24.500000000000036      ,   -1.7456922347879061E-006
   24.600000000000033      ,   -1.7271096971539540E-006
   24.700000000000035      ,   -1.7087939267078013E-006
   24.800000000000036      ,   -1.6907401065042952E-006
   24.900000000000038      ,   -1.6729435244062457E-006
   25.000000000000039      ,   -1.6553995704159054E-006
   25.100000000000041      ,   -1.6381037340842906E-006
   25.200000000000042      ,   -1.6210516019957113E-006
   25.300000000000040      ,   -1.6042388553251762E-006
   25.400000000000041      ,   -1.5876612674661555E-006
   25.500000000000043      ,   -1.5713147017265327E-006
   25.600000000000044      ,   -1.5551951090904520E-006
   25.700000000000045      ,   -1.5392985260440129E-006
   25.800000000000047      ,   -1.5236210724626764E-006
   25.900000000000048      ,   -1.5081589495585023E-006
   26.000000000000046      ,   -1.4929084378852048E-006
   26.100000000000048      ,   -1.4778658953993001E-006
   26.200000000000049      ,   -1.4630277555754913E-006
   26.300000000000050      ,   -1.4483905255745992E-006
   26.400000000000052      ,   -1.4339507844623963E-006
   26.500000000000053      ,   -1.4197051814777759E-006
   26.600000000000051      ,   -1.4056504343486582E-006
   26.700000000000053      ,   -1.3917833276541849E-006
   26.800000000000054      ,   -1.3781007112317856E-006
   26.900000000000055      ,   -1.3645994986277121E-006
   27.000000000000057      ,   -1.3512766655896663E-006
   27.100000000000058      ,   -1.3381292486003146E-006
   27.200000000000060      ,   -1.3251543434503807E-006
   27.300000000000058      ,   -1.3123491038501268E-006
   27.400000000000059      ,   -1.2997107400780350E-006
   27.500000000000060      ,   -1.2872365176656647E-006
   27.600000000000062      ,   -1.2749237561174274E-006
   27.700000000000063      ,   -1.2627698276644181E-006
   27.800000000000065      ,   -1.2507721560511239E-006
   27.900000000000066      ,   -1.2389282153541494E-006
   28.000000000000064      ,   -1.2272355288319431E-006
   28.100000000000065      ,   -1.2156916678046138E-006
   28.200000000000067      ,   -1.2042942505629829E-006
   28.300000000000068      ,   -1.1930409413059968E-006
   28.400000000000070      ,   -1.1819294491056287E-006
   28.500000000000071      ,   -1.1709575268985332E-006
   28.600000000000072      ,   -1.1601229705036447E-006
   28.700000000000070      ,   -1.1494236176649704E-006
   28.800000000000072      ,   -1.1388573471188131E-006
   28.900000000000073      ,   -1.1284220776848168E-006
   29.000000000000075      ,   -1.1181157673800343E-006
   29.100000000000076      ,   -1.1079364125554511E-006
   29.200000000000077      ,   -1.0978820470542549E-006
   29.300000000000075      ,   -1.0879507413913179E-006
   29.400000000000077      ,   -1.0781406019531843E-006
   29.500000000000078      ,   -1.0684497702180709E-006
   29.600000000000080      ,   -1.0588764219952894E-006
   29.700000000000081      ,   -1.0494187666835068E-006
   29.800000000000082      ,   -1.0400750465474174E-006
   29.900000000000084      ,   -1.0308435360121794E-006
   30.000000000000082      ,   -1.0217225409752510E-006
   30.100000000000083      ,   -1.0127103981350337E-006
   30.200000000000085      ,   -1.0038054743359644E-006
   30.300000000000086      ,   -9.9500616592950052E-007
   30.400000000000087      ,   -9.8631089815065701E-007
   30.500000000000089      ,   -9.7771812450958886E-007
   30.600000000000090      ,   -9.6922632619787364E-007
   30.700000000000088      ,   -9.6083401150903017E-007
   30.800000000000090      ,   -9.5253971527299274E-007
   30.900000000000091      ,   -9.4434199830400711E-007
   31.000000000000092      ,   -9.3623944686174673E-007
   31.100000000000094      ,   -9.2823067212519798E-007
   31.200000000000095      ,   -9.2031430967897984E-007
   31.300000000000097      ,   -9.1248901901183880E-007
   31.400000000000095      ,   -9.0475348302686347E-007
   31.500000000000096      ,   -8.9710640756327925E-007
   31.600000000000097      ,   -8.8954652092933490E-007
   31.700000000000099      ,   -8.8207257344614763E-007
   31.800000000000100      ,   -8.7468333700211226E-007
   31.900000000000102      ,   -8.6737760461764236E-007
   32.000000000000099      ,   -8.6015419001997430E-007
   32.100000000000101      ,   -8.5301192722777340E-007
   32.200000000000102      ,   -8.4594967014525185E-007
   32.300000000000104      ,   -8.3896629216560240E-007
   32.400000000000105      ,   -8.3206068578347525E-007
   32.500000000000107      ,   -8.2523176221628433E-007
   32.600000000000108      ,   -8.1847845103409715E-007
   32.700000000000109      ,   -8.1179969979791951E-007
   32.800000000000111      ,   -8.0519447370610043E-007
   32.900000000000112      ,   -7.9866175524874366E-007
   33.000000000000114      ,   -7.9220054386982975E-007
   33.100000000000108      ,   -7.8580985563692084E-007
   33.200000000000109      ,   -7.7948872291821323E-007
   33.300000000000111      ,   -7.7323619406678025E-007
   33.400000000000112      ,   -7.6705133311181798E-007
   33.500000000000114      ,   -7.6093321945671847E-007
   33.600000000000115      ,   -7.5488094758379182E-007
   33.700000000000117      ,   -7.4889362676547702E-007
   33.800000000000118      ,   -7.4297038078190420E-007
   33.900000000000119      ,   -7.3711034764459721E-007
   34.000000000000121      ,   -7.3131267932624197E-007
   34.100000000000122      ,   -7.2557654149628943E-007
   34.200000000000124      ,   -7.1990111326229825E-007
   34.300000000000125      ,   -7.1428558691689739E-007
   34.400000000000119      ,   -7.0872916769016098E-007
   34.500000000000121      ,   -7.0323107350733087E-007
   34.600000000000122      ,   -6.9779053475172817E-007
   34.700000000000124      ,   -6.9240679403273190E-007
   34.800000000000125      ,   -6.8707910595869589E-007
   34.900000000000126      ,   -6.8180673691471041E-007
   35.000000000000128      ,   -6.7658896484505692E-007
   35.100000000000129      ,   -6.7142507904027542E-007
   35.200000000000131      ,   -6.6631437992870709E-007
   35.300000000000132      ,   -6.6125617887244032E-007
   35.400000000000134      ,   -6.5624979796751615E-007
   35.500000000000135      ,   -6.5129456984832415E-007
   35.600000000000136      ,   -6.4638983749607760E-007
   35.700000000000138      ,   -6.4153495405125955E-007
   35.800000000000132      ,   -6.3672928262997525E-007
   35.900000000000134      ,   -6.3197219614410157E-007
   36.000000000000135      ,   -6.2726307712514638E-007
   36.100000000000136      ,   -6.2260131755171225E-007
   36.200000000000138      ,   -6.1798631868054320E-007
   36.300000000000139      ,   -6.1341749088099521E-007
   36.400000000000141      ,   -6.0889425347289735E-007
   36.500000000000142      ,   -6.0441603456772618E-007
   36.600000000000144      ,   -5.9998227091298508E-007
   36.700000000000145      ,   -5.9559240773974219E-007
   36.800000000000146      ,   -5.9124589861326445E-007
   36.900000000000148      ,   -5.8694220528664552E-007
   37.000000000000149      ,   -5.8268079755737908E-007
   37.100000000000144      ,   -5.7846115312679835E-007
   37.200000000000145      ,   -5.7428275746236117E-007
   37.300000000000146      ,   -5.7014510366262877E-007
   37.400000000000148      ,   -5.6604769232497367E-007
   37.500000000000149      ,   -5.6199003141589860E-007
   37.600000000000151      ,   -5.5797163614391483E-007
   37.700000000000152      ,   -5.5399202883492937E-007
   37.800000000000153      ,   -5.5005073881011624E-007
   37.900000000000155      ,   -5.4614730226612770E-007
   38.000000000000156      ,   -5.4228126215771963E-007
   38.100000000000158      ,   -5.3845216808262122E-007
   38.200000000000159      ,   -5.3465957616866559E-007
   38.300000000000161      ,   -5.3090304896312423E-007
   38.400000000000162      ,   -5.2718215532417483E-007
   38.500000000000156      ,   -5.2349647031446633E-007
   38.600000000000158      ,   -5.1984557509675311E-007
   38.700000000000159      ,   -5.1622905683152629E-007
   38.800000000000161      ,   -5.1264650857662055E-007
   38.900000000000162      ,   -5.0909752918872874E-007
   39.000000000000163      ,   -5.0558172322681791E-007
   39.100000000000165      ,   -5.0209870085736238E-007
   39.200000000000166      ,   -4.9864807776140860E-007
   39.300000000000168      ,   -4.9522947504338082E-007
   39.400000000000169      ,   -4.9184251914161615E-007
   39.500000000000171      ,   -4.8848684174058926E-007
   39.600000000000172      ,   -4.8516207968480296E-007
   39.700000000000173      ,   -4.8186787489427243E-007
   39.800000000000168      ,   -4.7860387428161456E-007
   39.900000000000169      ,   -4.7536972967067134E-007
   40.000000000000171      ,   -4.7216509771667106E-007
   40.100000000000172      ,   -4.6898963982784525E-007
   40.200000000000173      ,   -4.6584302208853220E-007
   40.300000000000175      ,   -4.6272491518367898E-007
   40.400000000000176      ,   -4.5963499432476022E-007
   40.500000000000178      ,   -4.5657293917703855E-007
   40.600000000000179      ,   -4.5353843378818396E-007
   40.700000000000180      ,   -4.5053116651818532E-007
   40.800000000000182      ,   -4.4755082997056375E-007
   40.900000000000183      ,   -4.4459712092481808E-007
   41.000000000000185      ,   -4.4166974027011380E-007
   41.100000000000186      ,   -4.3876839294018968E-007
   41.200000000000180      ,   -4.3589278784941318E-007
   41.300000000000182      ,   -4.3304263783001738E-007
   41.400000000000183      ,   -4.3021765957047291E-007
   41.500000000000185      ,   -4.2741757355493446E-007
   41.600000000000186      ,   -4.2464210400382931E-007
   41.700000000000188      ,   -4.2189097881545575E-007
   41.800000000000189      ,   -4.1916392950866935E-007
   41.900000000000190      ,   -4.1646069116656318E-007
   42.000000000000192      ,   -4.1378100238116035E-007
   42.100000000000193      ,   -4.1112460519909210E-007
   42.200000000000195      ,   -4.0849124506823172E-007
   42.300000000000196      ,   -4.0588067078527903E-007
   42.400000000000198      ,   -4.0329263444426045E-007
   42.500000000000192      ,   -4.0072689138593549E-007
   42.600000000000193      ,   -3.9818320014810868E-007
   42.700000000000195      ,   -3.9566132241678411E-007
   42.800000000000196      ,   -3.9316102297819998E-007
   42.900000000000198      ,   -3.9068206967167642E-007
   43.000000000000199      ,   -3.8822423334330692E-007
   43.100000000000200      ,   -3.8578728780043229E-007
   43.200000000000202      ,   -3.8337100976691759E-007
   43.300000000000203      ,   -3.8097517883919624E-007
   43.400000000000205      ,   -3.7859957744307210E-007
   43.500000000000206      ,   -3.7624399079126446E-007
   43.600000000000207      ,   -3.7390820684168928E-007
   43.700000000000209      ,   -3.7159201625644189E-007
   43.800000000000210      ,   -3.6929521236148963E-007
   43.900000000000205      ,   -3.6701759110705656E-007
   44.000000000000206      ,   -3.6475895102866460E-007
   44.100000000000207      ,   -3.6251909320885798E-007
   44.200000000000209      ,   -3.6029782123956231E-007
   44.300000000000210      ,   -3.5809494118508329E-007
   44.400000000000212      ,   -3.5591026154573031E-007
   44.500000000000213      ,   -3.5374359322205313E-007
   44.600000000000215      ,   -3.5159474947967810E-007
   44.700000000000216      ,   -3.4946354591473269E-007
   44.800000000000217      ,   -3.4734980041985323E-007
   44.900000000000219      ,   -3.4525333315075325E-007
   45.000000000000220      ,   -3.4317396649335705E-007
   45.100000000000222      ,   -3.4111152503146567E-007
   45.200000000000216      ,   -3.3906583551497767E-007
   45.300000000000217      ,   -3.3703672682861913E-007
   45.400000000000219      ,   -3.3502402996119880E-007
   45.500000000000220      ,   -3.3302757797537248E-007
   45.600000000000222      ,   -3.3104720597789193E-007
   45.700000000000223      ,   -3.2908275109035793E-007
   45.800000000000225      ,   -3.2713405242043812E-007
   45.900000000000226      ,   -3.2520095103356853E-007
   46.000000000000227      ,   -3.2328328992510285E-007
   46.100000000000229      ,   -3.2138091399292438E-007
   46.200000000000230      ,   -3.1949367001050192E-007
   46.300000000000232      ,   -3.1762140660038037E-007
   46.400000000000233      ,   -3.1576397420809305E-007
   46.500000000000234      ,   -3.1392122507651375E-007
   46.600000000000229      ,   -3.1209301322060106E-007
   46.700000000000230      ,   -3.1027919440255848E-007
   46.800000000000232      ,   -3.0847962610739762E-007
   46.900000000000233      ,   -3.0669416751888288E-007
   47.000000000000234      ,   -3.0492267949586324E-007
   47.100000000000236      ,   -3.0316502454898575E-007
   47.200000000000237      ,   -3.0142106681777506E-007
   47.300000000000239      ,   -2.9969067204807855E-007
   47.400000000000240      ,   -2.9797370756986748E-007
   47.500000000000242      ,   -2.9627004227538877E-007
   47.600000000000243      ,   -2.9457954659766669E-007
   47.700000000000244      ,   -2.9290209248933591E-007
   47.800000000000246      ,   -2.9123755340181080E-007
   47.900000000000240      ,   -2.8958580426478188E-007
   48.000000000000242      ,   -2.8794672146603091E-007
   48.100000000000243      ,   -2.8632018283156497E-007
   48.200000000000244      ,   -2.8470606760605799E-007
   48.300000000000246      ,   -2.8310425643359253E-007
   48.400000000000247      ,   -2.8151463133871154E-007
   48.500000000000249      ,   -2.7993707570774911E-007
   48.600000000000250      ,   -2.7837147427046442E-007
   48.700000000000252      ,   -2.7681771308195078E-007
   48.800000000000253      ,   -2.7527567950482254E-007
   48.900000000000254      ,   -2.7374526219168117E-007
   49.000000000000256      ,   -2.7222635106784770E-007
   49.100000000000257      ,   -2.7071883731435960E-007
   49.200000000000259      ,   -2.6922261335122314E-007
   49.300000000000253      ,   -2.6773757282093477E-007
   49.400000000000254      ,   -2.6626361057223711E-007
   49.500000000000256      ,   -2.6480062264412967E-007
   49.600000000000257      ,   -2.6334850625012615E-007
   49.700000000000259      ,   -2.6190715976273746E-007
   49.800000000000260      ,   -2.6047648269820604E-007
   49.900000000000261      ,   -2.5905637570145522E-007
   50.000000000000263      ,   -2.5764674053127348E-007
   50.100000000000264      ,   -2.5624748004571553E-007
   50.200000000000266      ,   -2.5485849818773331E-007
   50.300000000000267      ,   -2.5347969997100706E-007
   50.400000000000269      ,   -2.5211099146599628E-007
   50.500000000000270      ,   -2.5075227978620391E-007
   50.600000000000264      ,   -2.4940347307462953E-007
   50.700000000000266      ,   -2.4806448049044093E-007
   50.800000000000267      ,   -2.4673521219582919E-007
   50.900000000000269      ,   -2.4541557934306649E-007
   51.000000000000270      ,   -2.4410549406175447E-007
   51.100000000000271      ,   -2.4280486944625582E-007
   51.200000000000273      ,   -2.4151361954331599E-007
   51.300000000000274      ,   -2.4023165933985970E-007
   51.400000000000276      ,   -2.3895890475097879E-007
   51.500000000000277      ,   -2.3769527260808042E-007
   51.600000000000279      ,   -2.3644068064722028E-007
   51.700000000000280      ,   -2.3519504749759868E-007
   51.800000000000281      ,   -2.3395829267022722E-007
   51.900000000000283      ,   -2.3273033654676199E-007
   52.000000000000277      ,   -2.3151110036849020E-007
   52.100000000000279      ,   -2.3030050622548981E-007
   52.200000000000280      ,   -2.2909847704592953E-007
   52.300000000000281      ,   -2.2790493658553941E-007
   52.400000000000283      ,   -2.2671980941721484E-007
   52.500000000000284      ,   -2.2554302092079153E-007
   52.600000000000286      ,   -2.2437449727294554E-007
   52.700000000000287      ,   -2.2321416543724973E-007
   52.800000000000288      ,   -2.2206195315437573E-007
   52.900000000000290      ,   -2.2091778893242278E-007
   53.000000000000291      ,   -2.1978160203739300E-007
   53.100000000000293      ,   -2.1865332248380409E-007
   53.200000000000294      ,   -2.1753288102542503E-007
   53.300000000000288      ,   -2.1642020914615439E-007
   53.400000000000290      ,   -2.1531523905101755E-007
   53.500000000000291      ,   -2.1421790365730012E-007
   53.600000000000293      ,   -2.1312813658579848E-007
   53.700000000000294      ,   -2.1204587215219512E-007
   53.800000000000296      ,   -2.1097104535855997E-007
   53.900000000000297      ,   -2.0990359188496361E-007
   54.000000000000298      ,   -2.0884344808121132E-007
   54.100000000000300      ,   -2.0779055095869515E-007
   54.200000000000301      ,   -2.0674483818234921E-007
   54.300000000000303      ,   -2.0570624806273155E-007
   54.400000000000304      ,   -2.0467471954820394E-007
   54.500000000000306      ,   -2.0365019221722534E-007
   54.600000000000307      ,   -2.0263260627074864E-007
   54.700000000000301      ,   -2.0162190252472962E-007
   54.800000000000303      ,   -2.0061802240272836E-007
   54.900000000000304      ,   -1.9962090792862233E-007
   55.000000000000306      ,   -1.9863050171941138E-007
   55.100000000000307      ,   -1.9764674697812826E-007
   55.200000000000308      ,   -1.9666958748684294E-007
   55.300000000000310      ,   -1.9569896759975891E-007
   55.400000000000311      ,   -1.9473483223641206E-007
   55.500000000000313      ,   -1.9377712687495566E-007
   55.600000000000314      ,   -1.9282579754553653E-007
   55.700000000000315      ,   -1.9188079082376485E-007
   55.800000000000317      ,   -1.9094205382426917E-007
   55.900000000000318      ,   -1.9000953419434024E-007
   56.000000000000313      ,   -1.8908318010766127E-007
   56.100000000000314      ,   -1.8816294025811628E-007
   56.200000000000315      ,   -1.8724876385369507E-007
   56.300000000000317      ,   -1.8634060061046400E-007
   56.400000000000318      ,   -1.8543840074662986E-007
   56.500000000000320      ,   -1.8454211497667812E-007
   56.600000000000321      ,   -1.8365169450558601E-007
   56.700000000000323      ,   -1.8276709102312503E-007
   56.800000000000324      ,   -1.8188825669822162E-007
   56.900000000000325      ,   -1.8101514417340591E-007
   57.000000000000327      ,   -1.8014770655933336E-007
   57.100000000000328      ,   -1.7928589742937249E-007
   57.200000000000330      ,   -1.7842967081426745E-007
   57.300000000000331      ,   -1.7757898119687197E-007
   57.400000000000325      ,   -1.7673378350695023E-007
   57.500000000000327      ,   -1.7589403311605287E-007
   57.600000000000328      ,   -1.7505968583244829E-007
   57.700000000000330      ,   -1.7423069789613254E-007
   57.800000000000331      ,   -1.7340702597389463E-007
   57.900000000000333      ,   -1.7258862715445636E-007
   58.000000000000334      ,   -1.7177545894366427E-007
   58.100000000000335      ,   -1.7096747925975537E-007
   58.200000000000337      ,   -1.7016464642867438E-007
   58.300000000000338      ,   -1.6936691917945918E-007
   58.400000000000340      ,   -1.6857425663968377E-007
   58.500000000000341      ,   -1.6778661833095680E-007
   58.600000000000342      ,   -1.6700396416448547E-007
   58.700000000000337      ,   -1.6622625443668674E-007
   58.800000000000338      ,   -1.6545344982486512E-007
   58.900000000000340      ,   -1.6468551138294118E-007
   59.000000000000341      ,   -1.6392240053723057E-007
   59.100000000000342      ,   -1.6316407908228881E-007
   59.200000000000344      ,   -1.6241050917679537E-007
   59.300000000000345      ,   -1.6166165333950279E-007
   59.400000000000347      ,   -1.6091747444522533E-007
   59.500000000000348      ,   -1.6017793572089243E-007
   59.600000000000350      ,   -1.5944300074163844E-007
   59.700000000000344      ,   -1.5871263342695073E-007
   59.800000000000338      ,   -1.5798679803686616E-007
   59.900000000000333      ,   -1.5726545916821103E-007
   60.000000000000327      ,   -1.5654858175089251E-007
   60.100000000000321      ,   -1.5583613104423488E-007
   60.200000000000315      ,   -1.5512807263336281E-007
   60.300000000000310      ,   -1.5442437242563065E-007
   60.400000000000304      ,   -1.5372499664709304E-007
   60.500000000000298      ,   -1.5302991183902648E-007
   60.600000000000293      ,   -1.5233908485448455E-007
   60.700000000000287      ,   -1.5165248285490690E-007
   60.800000000000281      ,   -1.5097007330676268E-007
   60.900000000000276      ,   -1.5029182397823938E-007
   61.000000000000270      ,   -1.4961770293597224E-007
   61.100000000000264      ,   -1.4894767854181134E-007
   61.200000000000259      ,   -1.4828171944963467E-007
   61.300000000000253      ,   -1.4761979460219526E-007
   61.400000000000247      ,   -1.4696187322800931E-007
   61.500000000000242      ,   -1.4630792483828196E-007
   61.600000000000236      ,   -1.4565791922387334E-007
   61.700000000000230      ,   -1.4501182645229871E-007
   61.800000000000225      ,   -1.4436961686476526E-007
   61.900000000000219      ,   -1.4373126107324990E-007
   62.000000000000213      ,   -1.4309672995760664E-007
   62.100000000000207      ,   -1.4246599466271424E-007
   62.200000000000202      ,   -1.4183902659565492E-007
   62.300000000000196      ,   -1.4121579742292997E-007
   62.400000000000190      ,   -1.4059627906770827E-007
   62.500000000000185      ,   -1.3998044370710735E-007
   62.600000000000179      ,   -1.3936826376950903E-007
   62.700000000000173      ,   -1.3875971193190905E-007
   62.800000000000168      ,   -1.3815476111729047E-007
   62.900000000000162      ,   -1.3755338449204131E-007
   63.000000000000156      ,   -1.3695555546339105E-007
   63.100000000000151      ,   -1.3636124767688900E-007
   63.200000000000145      ,   -1.3577043501390216E-007
   63.300000000000139      ,   -1.3518309158915344E-007
   63.400000000000134      ,   -1.3459919174828040E-007
   63.500000000000128      ,   -1.3401871006542920E-007
   63.600000000000122      ,   -1.3344162134087511E-007
   63.700000000000117      ,   -1.3286790059867045E-007
   63.800000000000111      ,   -1.3229752308432168E-007
   63.900000000000105      ,   -1.3173046426249548E-007
   64.000000000000099      ,   -1.3116669981474688E-007
   64.100000000000094      ,   -1.3060620563728361E-007
   64.200000000000088      ,   -1.3004895783874563E-007
   64.300000000000082      ,   -1.2949493273801750E-007
   64.400000000000077      ,   -1.2894410686206906E-007
   64.500000000000071      ,   -1.2839645694381339E-007
   64.600000000000065      ,   -1.2785195991999688E-007
   64.700000000000060      ,   -1.2731059292911086E-007
   64.800000000000054      ,   -1.2677233330932879E-007
   64.900000000000048      ,   -1.2623715859646733E-007
   65.000000000000043      ,   -1.2570504652197072E-007
   65.100000000000037      ,   -1.2517597501091905E-007
   65.200000000000031      ,   -1.2464992218006129E-007
   65.300000000000026      ,   -1.2412686633586667E-007
   65.400000000000020      ,   -1.2360678597260578E-007
   65.500000000000014      ,   -1.2308965977044670E-007
   65.600000000000009      ,   -1.2257546659357739E-007
   65.700000000000003      ,   -1.2206418548834746E-007
   65.799999999999997      ,   -1.2155579568143700E-007
   65.899999999999991      ,   -1.2105027657803750E-007
   65.999999999999986      ,   -1.2054760776005932E-007
   66.099999999999980      ,   -1.2004776898436036E-007
   66.199999999999974      ,   -1.1955074018099476E-007
   66.299999999999969      ,   -1.1905650145147405E-007
   66.399999999999963      ,   -1.1856503306706487E-007
   66.499999999999957      ,   -1.1807631546708596E-007
   66.599999999999952      ,   -1.1759032925724041E-007
   66.699999999999946      ,   -1.1710705520795951E-007
   66.799999999999940      ,   -1.1662647425276649E-007
   66.899999999999935      ,   -1.1614856748666051E-007
   66.999999999999929      ,   -1.1567331616451576E-007
   67.099999999999923      ,   -1.1520070169950387E-007
   67.199999999999918      ,   -1.1473070566152730E-007
   67.299999999999912      ,   -1.1426330977567707E-007
   67.399999999999906      ,   -1.1379849592070460E-007
   67.499999999999901      ,   -1.1333624612750923E-007
   67.599999999999895      ,   -1.1287654257764676E-007
   67.699999999999889      ,   -1.1241936760185251E-007
   67.799999999999883      ,   -1.1196470367857873E-007
   67.899999999999878      ,   -1.1151253343255384E-007
   67.999999999999872      ,   -1.1106283963335334E-007
   68.099999999999866      ,   -1.1061560519398812E-007
   68.199999999999861      ,   -1.1017081316950794E-007
   68.299999999999855      ,   -1.0972844675562124E-007
   68.399999999999849      ,   -1.0928848928733091E-007
   68.499999999999844      ,   -1.0885092423758245E-007
   68.599999999999838      ,   -1.0841573521593210E-007
   68.699999999999832      ,   -1.0798290596722218E-007
   68.799999999999827      ,   -1.0755242037027967E-007
   68.899999999999821      ,   -1.0712426243662256E-007
   68.999999999999815      ,   -1.0669841630918399E-007
   69.099999999999810      ,   -1.0627486626104847E-007
   69.199999999999804      ,   -1.0585359669420320E-007
   69.299999999999798      ,   -1.0543459213830404E-007
   69.399999999999793      ,   -1.0501783724945129E-007
   69.499999999999787      ,   -1.0460331680898367E-007
   69.599999999999781      ,   -1.0419101572228179E-007
   69.699999999999775      ,   -1.0378091901758606E-007
   69.799999999999770      ,   -1.0337301184482876E-007
   69.899999999999764      ,   -1.0296727947447544E-007
   69.999999999999758      ,   -1.0256370729638318E-007
   70.099999999999753      ,   -1.0216228081866712E-007
   70.199999999999747      ,   -1.0176298566658327E-007
   70.299999999999741      ,   -1.0136580758142017E-007
   70.399999999999736      ,   -1.0097073241940335E-007
   70.499999999999730      ,   -1.0057774615061276E-007
   70.599999999999724      ,   -1.0018683485791223E-007
   70.699999999999719      ,   -9.9797984735886686E-008
   70.799999999999713      ,   -9.9411182089795261E-008
   70.899999999999707      ,   -9.9026413334534675E-008
   70.999999999999702      ,   -9.8643664993611130E-008
   71.099999999999696      ,   -9.8262923698125399E-008
   71.199999999999690      ,   -9.7884176185769858E-008
   71.299999999999685      ,   -9.7507409299833029E-008
   71.399999999999679      ,   -9.7132609988217257E-008
   71.499999999999673      ,   -9.6759765302466289E-008
   71.599999999999667      ,   -9.6388862396802212E-008
   71.699999999999662      ,   -9.6019888527174367E-008
   71.799999999999656      ,   -9.5652831050316866E-008
   71.899999999999650      ,   -9.5287677422816552E-008
   71.999999999999645      ,   -9.4924415200190818E-008
   72.099999999999639      ,   -9.4563032035975946E-008
   72.199999999999633      ,   -9.4203515680823737E-008
   72.299999999999628      ,   -9.3845853981608088E-008
   72.399999999999622      ,   -9.3490034880541904E-008
   72.499999999999616      ,   -9.3136046414300453E-008
   72.599999999999611      ,   -9.2783876713161765E-008
   72.699999999999605      ,   -9.2433514000141431E-008
   72.799999999999599      ,   -9.2084946590154201E-008
   72.899999999999594      ,   -9.1738162889168538E-008
   72.999999999999588      ,   -9.1393151393381485E-008
   73.099999999999582      ,   -9.1049900688395130E-008
   73.199999999999577      ,   -9.0708399448405569E-008
   73.299999999999571      ,   -9.0368636435398450E-008
   73.399999999999565      ,   -9.0030600498351463E-008
   73.499999999999559      ,   -8.9694280572450031E-008
   73.599999999999554      ,   -8.9359665678306026E-008
   73.699999999999548      ,   -8.9026744921186584E-008
   73.799999999999542      ,   -8.8695507490251805E-008
   73.899999999999537      ,   -8.8365942657797793E-008
   73.999999999999531      ,   -8.8038039778511337E-008
   74.099999999999525      ,   -8.7711788288727218E-008
   74.199999999999520      ,   -8.7387177705699300E-008
   74.299999999999514      ,   -8.7064197626870878E-008
   74.399999999999508      ,   -8.6742837729162981E-008
   74.499999999999503      ,   -8.6423087768260091E-008
   74.599999999999497      ,   -8.6104937577909906E-008
   74.699999999999491      ,   -8.5788377069225427E-008
   74.799999999999486      ,   -8.5473396229998278E-008
   74.899999999999480      ,   -8.5159985124016888E-008
   74.999999999999474      ,   -8.4848133890392497E-008
   75.099999999999469      ,   -8.4537832742888590E-008
   75.199999999999463      ,   -8.4229071969263903E-008
   75.299999999999457      ,   -8.3921841930615837E-008
   75.399999999999437      ,   -8.3616133060733525E-008
   75.499999999999432      ,   -8.3311935865456153E-008
   75.599999999999426      ,   -8.3009240922039233E-008
   75.699999999999420      ,   -8.2708038878525190E-008
   75.799999999999415      ,   -8.2408320453123956E-008
   75.899999999999409      ,   -8.2110076433593634E-008
   75.999999999999403      ,   -8.1813297676634414E-008
   76.099999999999397      ,   -8.1517975107283861E-008
   76.199999999999392      ,   -8.1224099718318868E-008
   76.299999999999386      ,   -8.0931662569665475E-008
   76.399999999999380      ,   -8.0640654787813952E-008
   76.499999999999375      ,   -8.0351067565237150E-008
   76.599999999999369      ,   -8.0062892159818639E-008
   76.699999999999363      ,   -7.9776119894283126E-008
   76.799999999999358      ,   -7.9490742155636716E-008
   76.899999999999352      ,   -7.9206750394605660E-008
   76.999999999999346      ,   -7.8924136125089458E-008
   77.099999999999341      ,   -7.8642890923612266E-008
   77.199999999999335      ,   -7.8363006428782921E-008
   77.299999999999329      ,   -7.8084474340760572E-008
   77.399999999999324      ,   -7.7807286420723907E-008
   77.499999999999318      ,   -7.7531434490347910E-008
   77.599999999999312      ,   -7.7256910431281720E-008
   77.699999999999307      ,   -7.6983706184637117E-008
   77.799999999999301      ,   -7.6711813750477546E-008
   77.899999999999295      ,   -7.6441225187315167E-008
   77.999999999999289      ,   -7.6171932611608405E-008
   78.099999999999284      ,   -7.5903928197272272E-008
   78.199999999999278      ,   -7.5637204175184191E-008
   78.299999999999272      ,   -7.5371752832700788E-008
   78.399999999999267      ,   -7.5107566513178591E-008
   78.499999999999261      ,   -7.4844637615497629E-008
   78.599999999999255      ,   -7.4582958593590241E-008
   78.699999999999250      ,   -7.4322521955975128E-008
   78.799999999999244      ,   -7.4063320265296015E-008
   78.899999999999238      ,   -7.3805346137863720E-008
   78.999999999999233      ,   -7.3548592243203311E-008
   79.099999999999227      ,   -7.3293051303604871E-008
   79.199999999999221      ,   -7.3038716093682107E-008
   79.299999999999216      ,   -7.2785579439928368E-008
   79.399999999999210      ,   -7.2533634220283943E-008
   79.499999999999204      ,   -7.2282873363703403E-008
   79.599999999999199      ,   -7.2033289849728388E-008
   79.699999999999193      ,   -7.1784876708064544E-008
   79.799999999999187      ,   -7.1537627018161814E-008
   79.899999999999181      ,   -7.1291533908800589E-008
   79.999999999999176      ,   -7.1046590557677859E-008
