  0.10000000000000001      , -0.61525915157890643     
  0.20000000000000001      , -0.15332108151666377     
  0.29999999999999999      ,  -6.7861678228240990E-002
  0.40000000000000002      ,  -3.7991406140820673E-002
  0.50000000000000000      ,  -2.4188706338913370E-002
  0.59999999999999998      ,  -1.6705364684583047E-002
  0.69999999999999996      ,  -1.2202845531808507E-002
  0.79999999999999993      ,  -9.2873948716212813E-003
  0.89999999999999991      ,  -7.2936064889987853E-003
  0.99999999999999989      ,  -5.8712701540756789E-003
   1.0999999999999999      ,  -4.8218537110029701E-003
   1.2000000000000000      ,  -4.0260199342451730E-003
   1.3000000000000000      ,  -3.4085502750759236E-003
   1.4000000000000001      ,  -2.9201373215973704E-003
   1.5000000000000002      ,  -2.5273745558771514E-003
   1.6000000000000003      ,  -2.2069822841780566E-003
   1.7000000000000004      ,  -1.9423386202835403E-003
   1.8000000000000005      ,  -1.7213210606475821E-003
   1.9000000000000006      ,  -1.5349220041307372E-003
   2.0000000000000004      ,  -1.3763366600682563E-003
   2.1000000000000005      ,  -1.2403477897537645E-003
   2.2000000000000006      ,  -1.1229018402740057E-003
   2.3000000000000007      ,  -1.0208113598421001E-003
   2.4000000000000008      ,  -9.3154247733396851E-004
   2.5000000000000009      ,  -8.5306076421758168E-004
   2.6000000000000010      ,  -7.8371785333956803E-004
   2.7000000000000011      ,  -7.2216695502939942E-004
   2.8000000000000012      ,  -6.6729915525644160E-004
   2.9000000000000012      ,  -6.1819485629627810E-004
   3.0000000000000013      ,  -5.7408638468948320E-004
   3.1000000000000014      ,  -5.3432892737326687E-004
   3.2000000000000015      ,  -4.9837774343087387E-004
   3.3000000000000016      ,  -4.6577015066465578E-004
   3.4000000000000017      ,  -4.3611117800260044E-004
   3.5000000000000018      ,  -4.0906205615225534E-004
   3.6000000000000014      ,  -3.8433092319070802E-004
   3.7000000000000015      ,  -3.6166527155154953E-004
   3.8000000000000016      ,  -3.4084577371418809E-004
   3.9000000000000017      ,  -3.2168120666183471E-004
   4.0000000000000018      ,  -3.0400425748210847E-004
   4.1000000000000023      ,  -2.8766803976298602E-004
   4.2000000000000020      ,  -2.7254318657860568E-004
   4.3000000000000025      ,  -2.5851541368241185E-004
   4.4000000000000021      ,  -2.4548346808743872E-004
   4.5000000000000027      ,  -2.3335739402988628E-004
   4.6000000000000023      ,  -2.2205706150633603E-004
   4.7000000000000020      ,  -2.1151091298687313E-004
   4.8000000000000025      ,  -2.0165489216753018E-004
   4.9000000000000021      ,  -1.9243152521461948E-004
   5.0000000000000027      ,  -1.8378913023516007E-004
   5.1000000000000023      ,  -1.7568113496162525E-004
   5.2000000000000028      ,  -1.6806548608103156E-004
   5.3000000000000025      ,  -1.6090413643541322E-004
   5.4000000000000030      ,  -1.5416259860331251E-004
   5.5000000000000027      ,  -1.4780955524203190E-004
   5.6000000000000032      ,  -1.4181651810878982E-004
   5.7000000000000028      ,  -1.3615752894892077E-004
   5.8000000000000034      ,  -1.3080889649155428E-004
   5.9000000000000030      ,  -1.2574896466814334E-004
   6.0000000000000036      ,  -1.2095790789904467E-004
   6.1000000000000032      ,  -1.1641754990413055E-004
   6.2000000000000037      ,  -1.1211120300618094E-004
   6.3000000000000034      ,  -1.0802352532747303E-004
   6.4000000000000039      ,  -1.0414039364454868E-004
   6.5000000000000036      ,  -1.0044878997480874E-004
   6.6000000000000041      ,  -9.6936700230671523E-005
   6.7000000000000037      ,  -9.3593023500131213E-005
   6.8000000000000034      ,  -9.0407490702955581E-005
   6.9000000000000039      ,  -8.7370591534665122E-005
   7.0000000000000036      ,  -8.4473508750103259E-005
   7.1000000000000041      ,  -8.1708058958505203E-005
   7.2000000000000037      ,  -7.9066639205372557E-005
   7.3000000000000043      ,  -7.6542178705780602E-005
   7.4000000000000039      ,  -7.4128095170975964E-005
   7.5000000000000044      ,  -7.1818255237111864E-005
   7.6000000000000032      ,  -6.9606938563131495E-005
   7.7000000000000028      ,  -6.7488805215429220E-005
   7.8000000000000016      ,  -6.5458866001088069E-005
   7.9000000000000012      ,  -6.3512455450029861E-005
   8.0000000000000000      ,  -6.1645207180179666E-005
   8.0999999999999996      ,  -5.9853031409322305E-005
   8.1999999999999993      ,  -5.8132094403302123E-005
   8.2999999999999989      ,  -5.6478799673070075E-005
   8.3999999999999968      ,  -5.4889770753211304E-005
   8.4999999999999964      ,  -5.3361835412340454E-005
   8.5999999999999961      ,  -5.1892011161451934E-005
   8.6999999999999957      ,  -5.0477491940198590E-005
   8.7999999999999936      ,  -4.9115635873383380E-005
   8.8999999999999932      ,  -4.7803954000870363E-005
   8.9999999999999929      ,  -4.6540099893838290E-005
   9.0999999999999925      ,  -4.5321860078937915E-005
   9.1999999999999922      ,  -4.4147145199614237E-005
   9.2999999999999901      ,  -4.3013981850730253E-005
   9.3999999999999897      ,  -4.1920505028765442E-005
   9.4999999999999893      ,  -4.0864951145357300E-005
   9.5999999999999890      ,  -3.9845651556867740E-005
   9.6999999999999869      ,  -3.8861026567076263E-005
   9.7999999999999865      ,  -3.7909579864045085E-005
   9.8999999999999861      ,  -3.6989893355782383E-005
   9.9999999999999858      ,  -3.6100622372506664E-005
   10.099999999999985      ,  -3.5240491206219249E-005
   10.199999999999983      ,  -3.4408288960879489E-005
   10.299999999999983      ,  -3.3602865688830626E-005
   10.399999999999983      ,  -3.2823128791237543E-005
   10.499999999999982      ,  -3.2068039662227928E-005
   10.599999999999980      ,  -3.1336610558148696E-005
   10.699999999999980      ,  -3.0627901674933133E-005
   10.799999999999979      ,  -2.9941018418001902E-005
   10.899999999999979      ,  -2.9275108850406339E-005
   10.999999999999977      ,  -2.8629361306113164E-005
   11.099999999999977      ,  -2.8003002156388528E-005
   11.199999999999976      ,  -2.7395293718222546E-005
   11.299999999999976      ,  -2.6805532294616118E-005
   11.399999999999975      ,  -2.6233046337370004E-005
   11.499999999999973      ,  -2.5677194723744621E-005
   11.599999999999973      ,  -2.5137365139044170E-005
   11.699999999999973      ,  -2.4612972557786947E-005
   11.799999999999972      ,  -2.4103457816694734E-005
   11.899999999999970      ,  -2.3608286273245172E-005
   11.999999999999970      ,  -2.3126946544008868E-005
   12.099999999999969      ,  -2.2658949317423237E-005
   12.199999999999969      ,  -2.2203826236055906E-005
   12.299999999999969      ,  -2.1761128843774331E-005
   12.399999999999967      ,  -2.1330427593574484E-005
   12.499999999999966      ,  -2.0911310912131957E-005
   12.599999999999966      ,  -2.0503384317418875E-005
   12.699999999999966      ,  -2.0106269585997738E-005
   12.799999999999963      ,  -1.9719603966837465E-005
   12.899999999999963      ,  -1.9343039438724690E-005
   12.999999999999963      ,  -1.8976242008546018E-005
   13.099999999999962      ,  -1.8618891047904769E-005
   13.199999999999960      ,  -1.8270678665714080E-005
   13.299999999999960      ,  -1.7931309114566021E-005
   13.399999999999959      ,  -1.7600498228828370E-005
   13.499999999999959      ,  -1.7277972892557678E-005
   13.599999999999959      ,  -1.6963470535445792E-005
   13.699999999999957      ,  -1.6656738655134458E-005
   13.799999999999956      ,  -1.6357534364344670E-005
   13.899999999999956      ,  -1.6065623961366448E-005
   13.999999999999956      ,  -1.5780782522551834E-005
   14.099999999999953      ,  -1.5502793515540977E-005
   14.199999999999953      ,  -1.5231448432030658E-005
   14.299999999999953      ,  -1.4966546438974790E-005
   14.399999999999952      ,  -1.4707894047171784E-005
   14.499999999999952      ,  -1.4455304796263672E-005
   14.599999999999950      ,  -1.4208598955229490E-005
   14.699999999999950      ,  -1.3967603237515119E-005
   14.799999999999949      ,  -1.3732150529992601E-005
   14.899999999999949      ,  -1.3502079634992389E-005
   14.999999999999948      ,  -1.3277235024697473E-005
   15.099999999999950      ,  -1.3057466607232464E-005
   15.199999999999951      ,  -1.2842629503818918E-005
   15.299999999999951      ,  -1.2632583836407288E-005
   15.399999999999952      ,  -1.2427194525230274E-005
   15.499999999999954      ,  -1.2226331095755106E-005
   15.599999999999955      ,  -1.2029867494542730E-005
   15.699999999999955      ,  -1.1837681913550206E-005
   15.799999999999956      ,  -1.1649656622441518E-005
   15.899999999999958      ,  -1.1465677808492919E-005
   15.999999999999957      ,  -1.1285635423707357E-005
   16.099999999999959      ,  -1.1109423038770365E-005
   16.199999999999960      ,  -1.0936937703503406E-005
   16.299999999999962      ,  -1.0768079813488125E-005
   16.399999999999963      ,  -1.0602752982554138E-005
   16.499999999999961      ,  -1.0440863920839703E-005
   16.599999999999962      ,  -1.0282322318151213E-005
   16.699999999999964      ,  -1.0127040732360567E-005
   16.799999999999965      ,  -9.9749344825967910E-006
   16.899999999999967      ,  -9.8259215469988384E-006
   16.999999999999968      ,  -9.6799224648096979E-006
   17.099999999999969      ,  -9.5368602426050158E-006
   17.199999999999967      ,  -9.3966602644580924E-006
   17.299999999999969      ,  -9.2592502058566122E-006
   17.399999999999970      ,  -9.1245599511925924E-006
   17.499999999999972      ,  -8.9925215146598596E-006
   17.599999999999973      ,  -8.8630689643998033E-006
   17.699999999999974      ,  -8.7361383497447488E-006
   17.799999999999976      ,  -8.6116676314172214E-006
   17.899999999999974      ,  -8.4895966145483427E-006
   17.999999999999975      ,  -8.3698668843886601E-006
   18.099999999999977      ,  -8.2524217445880273E-006
   18.199999999999978      ,  -8.1372061579294933E-006
   18.299999999999979      ,  -8.0241666894070399E-006
   18.399999999999981      ,  -7.9132514515424055E-006
   18.499999999999979      ,  -7.8044100518426177E-006
   18.599999999999980      ,  -7.6975935423021530E-006
   18.699999999999982      ,  -7.5927543708617728E-006
   18.799999999999983      ,  -7.4898463347373096E-006
   18.899999999999984      ,  -7.3888245355377711E-006
   18.999999999999986      ,  -7.2896453360952986E-006
   19.099999999999987      ,  -7.1922663189332759E-006
   19.199999999999985      ,  -7.0966462463027840E-006
   19.299999999999986      ,  -7.0027450217201419E-006
   19.399999999999988      ,  -6.9105236529425240E-006
   19.499999999999989      ,  -6.8199442163207053E-006
   19.599999999999991      ,  -6.7309698224712430E-006
   19.699999999999992      ,  -6.6435645832129959E-006
   19.799999999999994      ,  -6.5576935797157230E-006
   19.899999999999991      ,  -6.4733228318103512E-006
   19.999999999999993      ,  -6.3904192684132147E-006
   20.099999999999994      ,  -6.3089506990189787E-006
   20.199999999999996      ,  -6.2288857862183292E-006
   20.299999999999997      ,  -6.1501940191990269E-006
   20.399999999999999      ,  -6.0728456881908351E-006
   20.500000000000000      ,  -5.9968118598161127E-006
   20.599999999999998      ,  -5.9220643533101117E-006
   20.699999999999999      ,  -5.8485757175763527E-006
   20.800000000000001      ,  -5.7763192090439616E-006
   20.900000000000002      ,  -5.7052687702953030E-006
   21.000000000000004      ,  -5.6353990094339464E-006
   21.100000000000005      ,  -5.5666851801637836E-006
   21.200000000000003      ,  -5.4991031625517308E-006
   21.300000000000004      ,  -5.4326294444477890E-006
   21.400000000000006      ,  -5.3672411035367611E-006
   21.500000000000007      ,  -5.3029157899977888E-006
   21.600000000000009      ,  -5.2396317097481803E-006
   21.700000000000010      ,  -5.1773676082496596E-006
   21.800000000000011      ,  -5.1161027548554047E-006
   21.900000000000009      ,  -5.0558169276778246E-006
   22.000000000000011      ,  -4.9964903989573899E-006
   22.100000000000012      ,  -4.9381039209137300E-006
   22.200000000000014      ,  -4.8806387120614007E-006
   22.300000000000015      ,  -4.8240764439726660E-006
   22.400000000000016      ,  -4.7683992284712249E-006
   22.500000000000018      ,  -4.7135896052409160E-006
   22.600000000000016      ,  -4.6596305298340542E-006
   22.700000000000017      ,  -4.6065053620653762E-006
   22.800000000000018      ,  -4.5541978547768398E-006
   22.900000000000020      ,  -4.5026921429608765E-006
   23.000000000000021      ,  -4.4519727332283499E-006
   23.100000000000023      ,  -4.4020244936092752E-006
   23.200000000000024      ,  -4.3528326436746414E-006
   23.300000000000022      ,  -4.3043827449674437E-006
   23.400000000000023      ,  -4.2566606917326234E-006
   23.500000000000025      ,  -4.2096527019346627E-006
   23.600000000000026      ,  -4.1633453085535242E-006
   23.700000000000028      ,  -4.1177253511486396E-006
   23.800000000000029      ,  -4.0727799676820437E-006
   23.900000000000027      ,  -4.0284965865911745E-006
   24.000000000000028      ,  -3.9848629191035934E-006
   24.100000000000030      ,  -3.9418669517841530E-006
   24.200000000000031      ,  -3.8994969393078208E-006
   24.300000000000033      ,  -3.8577413974497064E-006
   24.400000000000034      ,  -3.8165890962851658E-006
   24.500000000000036      ,  -3.7760290535930050E-006
   24.600000000000033      ,  -3.7360505284547426E-006
   24.700000000000035      ,  -3.6966430150435085E-006
   24.800000000000036      ,  -3.6577962365961802E-006
   24.900000000000038      ,  -3.6195001395626069E-006
   25.000000000000039      ,  -3.5817448879262202E-006
   25.100000000000041      ,  -3.5445208576902512E-006
   25.200000000000042      ,  -3.5078186315240839E-006
   25.300000000000040      ,  -3.4716289935645915E-006
   25.400000000000041      ,  -3.4359429243673771E-006
   25.500000000000043      ,  -3.4007515960029861E-006
   25.600000000000044      ,  -3.3660463672934383E-006
   25.700000000000045      ,  -3.3318187791846575E-006
   25.800000000000047      ,  -3.2980605502501353E-006
   25.900000000000048      ,  -3.2647635723220479E-006
   26.000000000000046      ,  -3.2319199062453447E-006
   26.100000000000048      ,  -3.1995217777511782E-006
   26.200000000000049      ,  -3.1675615734458085E-006
   26.300000000000050      ,  -3.1360318369113710E-006
   26.400000000000052      ,  -3.1049252649148026E-006
   26.500000000000053      ,  -3.0742347037219515E-006
   26.600000000000051      ,  -3.0439531455131035E-006
   26.700000000000053      ,  -3.0140737248971320E-006
   26.800000000000054      ,  -2.9845897155210822E-006
   26.900000000000055      ,  -2.9554945267721486E-006
   27.000000000000057      ,  -2.9267817005694850E-006
   27.100000000000058      ,  -2.8984449082427418E-006
   27.200000000000060      ,  -2.8704779474949498E-006
   27.300000000000058      ,  -2.8428747394470795E-006
   27.400000000000059      ,  -2.8156293257617966E-006
   27.500000000000060      ,  -2.7887358658440548E-006
   27.600000000000062      ,  -2.7621886341161859E-006
   27.700000000000063      ,  -2.7359820173652051E-006
   27.800000000000065      ,  -2.7101105121603867E-006
   27.900000000000066      ,  -2.6845687223386560E-006
   28.000000000000064      ,  -2.6593513565561157E-006
   28.100000000000065      ,  -2.6344532259036067E-006
   28.200000000000067      ,  -2.6098692415844014E-006
   28.300000000000068      ,  -2.5855944126522017E-006
   28.400000000000070      ,  -2.5616238438078123E-006
   28.500000000000071      ,  -2.5379527332525493E-006
   28.600000000000072      ,  -2.5145763705969334E-006
   28.700000000000070      ,  -2.4914901348229329E-006
   28.800000000000072      ,  -2.4686894922983345E-006
   28.900000000000073      ,  -2.4461699948416015E-006
   29.000000000000075      ,  -2.4239272778358491E-006
   29.100000000000076      ,  -2.4019570583905723E-006
   29.200000000000077      ,  -2.3802551335496296E-006
   29.300000000000075      ,  -2.3588173785443308E-006
   29.400000000000077      ,  -2.3376397450902534E-006
   29.500000000000078      ,  -2.3167182597265184E-006
   29.600000000000080      ,  -2.2960490221964836E-006
   29.700000000000081      ,  -2.2756282038685021E-006
   29.800000000000082      ,  -2.2554520461957863E-006
   29.900000000000084      ,  -2.2355168592141442E-006
   30.000000000000082      ,  -2.2158190200767310E-006
   30.100000000000083      ,  -2.1963549716245628E-006
   30.200000000000085      ,  -2.1771212209919427E-006
   30.300000000000086      ,  -2.1581143382458863E-006
   30.400000000000087      ,  -2.1393309550583984E-006
   30.500000000000089      ,  -2.1207677634109860E-006
   30.600000000000090      ,  -2.1024215143303101E-006
   30.700000000000088      ,  -2.0842890166542437E-006
   30.800000000000090      ,  -2.0663671358273997E-006
   30.900000000000091      ,  -2.0486527927255788E-006
   31.000000000000092      ,  -2.0311429625079950E-006
   31.100000000000094      ,  -2.0138346734968636E-006
   31.200000000000095      ,  -1.9967250060834105E-006
   31.300000000000097      ,  -1.9798110916597902E-006
   31.400000000000095      ,  -1.9630901115759059E-006
   31.500000000000096      ,  -1.9465592961209253E-006
   31.600000000000097      ,  -1.9302159235283762E-006
   31.700000000000099      ,  -1.9140573190045213E-006
   31.800000000000100      ,  -1.8980808537793076E-006
   31.900000000000102      ,  -1.8822839441791913E-006
   32.000000000000099      ,  -1.8666640507214829E-006
   32.100000000000101      ,  -1.8512186772294335E-006
   32.200000000000102      ,  -1.8359453699676877E-006
   32.300000000000104      ,  -1.8208417167974537E-006
   32.400000000000105      ,  -1.8059053463510183E-006
   32.500000000000107      ,  -1.7911339272249580E-006
   32.600000000000108      ,  -1.7765251671916706E-006
   32.700000000000109      ,  -1.7620768124287333E-006
   32.800000000000111      ,  -1.7477866467656391E-006
   32.900000000000112      ,  -1.7336524909474200E-006
   33.000000000000114      ,  -1.7196722019148171E-006
   33.100000000000108      ,  -1.7058436721004971E-006
   33.200000000000109      ,  -1.6921648287409785E-006
   33.300000000000111      ,  -1.6786336332038004E-006
   33.400000000000112      ,  -1.6652480803296399E-006
   33.500000000000114      ,  -1.6520061977889180E-006
   33.600000000000115      ,  -1.6389060454525779E-006
   33.700000000000117      ,  -1.6259457147767260E-006
   33.800000000000118      ,  -1.6131233282006892E-006
   33.900000000000119      ,  -1.6004370385582331E-006
   34.000000000000121      ,  -1.5878850285016093E-006
   34.100000000000122      ,  -1.5754655099380951E-006
   34.200000000000124      ,  -1.5631767234787446E-006
   34.300000000000125      ,  -1.5510169378990073E-006
   34.400000000000119      ,  -1.5389844496110064E-006
   34.500000000000121      ,  -1.5270775821471120E-006
   34.600000000000122      ,  -1.5152946856545655E-006
   34.700000000000124      ,  -1.5036341364009190E-006
   34.800000000000125      ,  -1.4920943362899744E-006
   34.900000000000126      ,  -1.4806737123880353E-006
   35.000000000000128      ,  -1.4693707164601419E-006
   35.100000000000129      ,  -1.4581838245161275E-006
   35.200000000000131      ,  -1.4471115363662558E-006
   35.300000000000132      ,  -1.4361523751861072E-006
   35.400000000000134      ,  -1.4253048870906859E-006
   35.500000000000135      ,  -1.4145676407173119E-006
   35.600000000000136      ,  -1.4039392268173131E-006
   35.700000000000138      ,  -1.3934182578560794E-006
   35.800000000000132      ,  -1.3830033676215047E-006
   35.900000000000134      ,  -1.3726932108404495E-006
   36.000000000000135      ,  -1.3624864628031404E-006
   36.100000000000136      ,  -1.3523818189952875E-006
   36.200000000000138      ,  -1.3423779947377092E-006
   36.300000000000139      ,  -1.3324737248333802E-006
   36.400000000000141      ,  -1.3226677632216002E-006
   36.500000000000142      ,  -1.3129588826392684E-006
   36.600000000000144      ,  -1.3033458742889774E-006
   36.700000000000145      ,  -1.2938275475138401E-006
   36.800000000000146      ,  -1.2844027294788728E-006
   36.900000000000148      ,  -1.2750702648587853E-006
   37.000000000000149      ,  -1.2658290155320374E-006
   37.100000000000144      ,  -1.2566778602810238E-006
   37.200000000000145      ,  -1.2476156944982410E-006
   37.300000000000146      ,  -1.2386414298982930E-006
   37.400000000000148      ,  -1.2297539942356596E-006
   37.500000000000149      ,  -1.2209523310279714E-006
   37.600000000000151      ,  -1.2122353992848606E-006
   37.700000000000152      ,  -1.2036021732420625E-006
   37.800000000000153      ,  -1.1950516421007964E-006
   37.900000000000155      ,  -1.1865828097722454E-006
   38.000000000000156      ,  -1.1781946946270071E-006
   38.100000000000158      ,  -1.1698863292494900E-006
   38.200000000000159      ,  -1.1616567601970233E-006
   38.300000000000161      ,  -1.1535050477636926E-006
   38.400000000000162      ,  -1.1454302657487154E-006
   38.500000000000156      ,  -1.1374315012293093E-006
   38.600000000000158      ,  -1.1295078543379270E-006
   38.700000000000159      ,  -1.1216584380437814E-006
   38.800000000000161      ,  -1.1138823779385493E-006
   38.900000000000162      ,  -1.1061788120261643E-006
   39.000000000000163      ,  -1.0985468905166452E-006
   39.100000000000165      ,  -1.0909857756238287E-006
   39.200000000000166      ,  -1.0834946413669374E-006
   39.300000000000168      ,  -1.0760726733759217E-006
   39.400000000000169      ,  -1.0687190687004575E-006
   39.500000000000171      ,  -1.0614330356225692E-006
   39.600000000000172      ,  -1.0542137934727496E-006
   39.700000000000173      ,  -1.0470605724495331E-006
   39.800000000000168      ,  -1.0399726134424621E-006
   39.900000000000169      ,  -1.0329491678583307E-006
   40.000000000000171      ,  -1.0259894974506740E-006
   40.100000000000172      ,  -1.0190928741524258E-006
   40.200000000000173      ,  -1.0122585799116881E-006
   40.300000000000175      ,  -1.0054859065304966E-006
   40.400000000000176      ,  -9.9877415550660196E-007
   40.500000000000178      ,  -9.9212263787814601E-007
   40.600000000000179      ,  -9.8553067407116794E-007
   40.700000000000180      ,  -9.7899759374993515E-007
   40.800000000000182      ,  -9.7252273566998569E-007
   40.900000000000183      ,  -9.6610544753385682E-007
   41.000000000000185      ,  -9.5974508584942270E-007
   41.100000000000186      ,  -9.5344101579082159E-007
   41.200000000000180      ,  -9.4719261106189470E-007
   41.300000000000182      ,  -9.4099925376206105E-007
   41.400000000000183      ,  -9.3486033425465012E-007
   41.500000000000185      ,  -9.2877525103757122E-007
   41.600000000000186      ,  -9.2274341061631515E-007
   41.700000000000188      ,  -9.1676422737921177E-007
   41.800000000000189      ,  -9.1083712347493329E-007
   41.900000000000190      ,  -9.0496152869215362E-007
   42.000000000000192      ,  -8.9913688034137551E-007
   42.100000000000193      ,  -8.9336262313881688E-007
   42.200000000000195      ,  -8.8763820909237645E-007
   42.300000000000196      ,  -8.8196309738959911E-007
   42.400000000000198      ,  -8.7633675428761745E-007
   42.500000000000192      ,  -8.7075865300501002E-007
   42.600000000000193      ,  -8.6522827361558930E-007
   42.700000000000195      ,  -8.5974510294399771E-007
   42.800000000000196      ,  -8.5430863446316873E-007
   42.900000000000198      ,  -8.4891836819354847E-007
   43.000000000000199      ,  -8.4357381060406550E-007
   43.100000000000200      ,  -8.3827447451482369E-007
   43.200000000000202      ,  -8.3301987900148444E-007
   43.300000000000203      ,  -8.2780954930127252E-007
   43.400000000000205      ,  -8.2264301672062730E-007
   43.500000000000206      ,  -8.1751981854442948E-007
   43.600000000000207      ,  -8.1243949794675675E-007
   43.700000000000209      ,  -8.0740160390322012E-007
   43.800000000000210      ,  -8.0240569110474042E-007
   43.900000000000205      ,  -7.9745131987281970E-007
   44.000000000000206      ,  -7.9253805607625553E-007
   44.100000000000207      ,  -7.8766547104924024E-007
   44.200000000000209      ,  -7.8283314151088410E-007
   44.300000000000210      ,  -7.7804064948604579E-007
   44.400000000000212      ,  -7.7328758222754526E-007
   44.500000000000213      ,  -7.6857353213965801E-007
   44.600000000000215      ,  -7.6389809670287745E-007
   44.700000000000216      ,  -7.5926087839997281E-007
   44.800000000000217      ,  -7.5466148464324719E-007
   44.900000000000219      ,  -7.5009952770302623E-007
   45.000000000000220      ,  -7.4557462463732089E-007
   45.100000000000222      ,  -7.4108639722267870E-007
   45.200000000000216      ,  -7.3663447188614000E-007
   45.300000000000217      ,  -7.3221847963837174E-007
   45.400000000000219      ,  -7.2783805600784641E-007
   45.500000000000220      ,  -7.2349284097614280E-007
   45.600000000000222      ,  -7.1918247891429393E-007
   45.700000000000223      ,  -7.1490661852016844E-007
   45.800000000000225      ,  -7.1066491275690315E-007
   45.900000000000226      ,  -7.0645701879229415E-007
   46.000000000000227      ,  -7.0228259793921873E-007
   46.100000000000229      ,  -6.9814131559699854E-007
   46.200000000000230      ,  -6.9403284119371660E-007
   46.300000000000232      ,  -6.8995684812947991E-007
   46.400000000000233      ,  -6.8591301372056633E-007
   46.500000000000234      ,  -6.8190101914451280E-007
   46.600000000000229      ,  -6.7792054938605083E-007
   46.700000000000230      ,  -6.7397129318392344E-007
   46.800000000000232      ,  -6.7005294297855061E-007
   46.900000000000233      ,  -6.6616519486053796E-007
   47.000000000000234      ,  -6.6230774851998552E-007
   47.100000000000236      ,  -6.5848030719661695E-007
   47.200000000000237      ,  -6.5468257763071721E-007
   47.300000000000239      ,  -6.5091427001479870E-007
   47.400000000000240      ,  -6.4717509794608456E-007
   47.500000000000242      ,  -6.4346477837970516E-007
   47.600000000000243      ,  -6.3978303158264354E-007
   47.700000000000244      ,  -6.3612958108841243E-007
   47.800000000000246      ,  -6.3250415365242174E-007
   47.900000000000240      ,  -6.2890647920806753E-007
   48.000000000000242      ,  -6.2533629082348046E-007
   48.100000000000243      ,  -6.2179332465897421E-007
   48.200000000000244      ,  -6.1827731992513729E-007
   48.300000000000246      ,  -6.1478801884158766E-007
   48.400000000000247      ,  -6.1132516659634550E-007
   48.500000000000249      ,  -6.0788851130586780E-007
   48.600000000000250      ,  -6.0447780397566564E-007
   48.700000000000252      ,  -6.0109279846154675E-007
   48.800000000000253      ,  -5.9773325143144389E-007
   48.900000000000254      ,  -5.9439892232784112E-007
   49.000000000000256      ,  -5.9108957333076226E-007
   49.100000000000257      ,  -5.8780496932133130E-007
   49.200000000000259      ,  -5.8454487784588016E-007
   49.300000000000253      ,  -5.8130906908061966E-007
   49.400000000000254      ,  -5.7809731579682996E-007
   49.500000000000256      ,  -5.7490939332658433E-007
   49.600000000000257      ,  -5.7174507952898977E-007
   49.700000000000259      ,  -5.6860415475694917E-007
   49.800000000000260      ,  -5.6548640182439539E-007
   49.900000000000261      ,  -5.6239160597405628E-007
   50.000000000000263      ,  -5.5931955484567111E-007
   50.100000000000264      ,  -5.5627003844470428E-007
   50.200000000000266      ,  -5.5324284911150941E-007
   50.300000000000267      ,  -5.5023778149097342E-007
   50.400000000000269      ,  -5.4725463250258404E-007
   50.500000000000270      ,  -5.4429320131098436E-007
   50.600000000000264      ,  -5.4135328929691637E-007
   50.700000000000266      ,  -5.3843470002863552E-007
   50.800000000000267      ,  -5.3553723923371532E-007
   50.900000000000269      ,  -5.3266071477129751E-007
   51.000000000000270      ,  -5.2980493660472308E-007
   51.100000000000271      ,  -5.2696971677458891E-007
   51.200000000000273      ,  -5.2415486937218201E-007
   51.300000000000274      ,  -5.2136021051331210E-007
   51.400000000000276      ,  -5.1858555831252596E-007
   51.500000000000277      ,  -5.1583073285769158E-007
   51.600000000000279      ,  -5.1309555618496392E-007
   51.700000000000280      ,  -5.1037985225410066E-007
   51.800000000000281      ,  -5.0768344692414811E-007
   51.900000000000283      ,  -5.0500616792946732E-007
   52.000000000000277      ,  -5.0234784485611892E-007
   52.100000000000279      ,  -4.9970830911858051E-007
   52.200000000000280      ,  -4.9708739393679830E-007
   52.300000000000281      ,  -4.9448493431357623E-007
   52.400000000000283      ,  -4.9190076701228169E-007
   52.500000000000284      ,  -4.8933473053487431E-007
   52.600000000000286      ,  -4.8678666510024694E-007
   52.700000000000287      ,  -4.8425641262287566E-007
   52.800000000000288      ,  -4.8174381669177657E-007
   52.900000000000290      ,  -4.7924872254975988E-007
   53.000000000000291      ,  -4.7677097707297273E-007
   53.100000000000293      ,  -4.7431042875074545E-007
   53.200000000000294      ,  -4.7186692766570381E-007
   53.300000000000288      ,  -4.6944032547418108E-007
   53.400000000000290      ,  -4.6703047538689235E-007
   53.500000000000291      ,  -4.6463723214988383E-007
   53.600000000000293      ,  -4.6226045202575876E-007
   53.700000000000294      ,  -4.5989999277514791E-007
   53.800000000000296      ,  -4.5755571363845256E-007
   53.900000000000297      ,  -4.5522747531784565E-007
   54.000000000000298      ,  -4.5291513995950834E-007
   54.100000000000300      ,  -4.5061857113613291E-007
   54.200000000000301      ,  -4.4833763382964425E-007
   54.300000000000303      ,  -4.4607219441418629E-007
   54.400000000000304      ,  -4.4382212063932874E-007
   54.500000000000306      ,  -4.4158728161350618E-007
   54.600000000000307      ,  -4.3936754778769442E-007
   54.700000000000301      ,  -4.3716279093929939E-007
   54.800000000000303      ,  -4.3497288415627527E-007
   54.900000000000304      ,  -4.3279770182146175E-007
   55.000000000000306      ,  -4.3063711959712607E-007
   55.100000000000307      ,  -4.2849101440972907E-007
   55.200000000000308      ,  -4.2635926443488719E-007
   55.300000000000310      ,  -4.2424174908255012E-007
   55.400000000000311      ,  -4.2213834898236534E-007
   55.500000000000313      ,  -4.2004894596926027E-007
   55.600000000000314      ,  -4.1797342306920170E-007
   55.700000000000315      ,  -4.1591166448516202E-007
   55.800000000000317      ,  -4.1386355558326266E-007
   55.900000000000318      ,  -4.1182898287911354E-007
   56.000000000000313      ,  -4.0980783402432887E-007
   56.100000000000314      ,  -4.0779999779323828E-007
   56.200000000000315      ,  -4.0580536406974736E-007
   56.300000000000317      ,  -4.0382382383441112E-007
   56.400000000000318      ,  -4.0185526915164957E-007
   56.500000000000320      ,  -3.9989959315715143E-007
   56.600000000000321      ,  -3.9795669004543221E-007
   56.700000000000323      ,  -3.9602645505757578E-007
   56.800000000000324      ,  -3.9410878446911798E-007
   56.900000000000325      ,  -3.9220357557810415E-007
   57.000000000000327      ,  -3.9031072669330350E-007
   57.100000000000328      ,  -3.8843013712257283E-007
   57.200000000000330      ,  -3.8656170716137993E-007
   57.300000000000331      ,  -3.8470533808147063E-007
   57.400000000000325      ,  -3.8286093211969573E-007
   57.500000000000327      ,  -3.8102839246697187E-007
   57.600000000000328      ,  -3.7920762325739677E-007
   57.700000000000330      ,  -3.7739852955750188E-007
   57.800000000000331      ,  -3.7560101735564757E-007
   57.900000000000333      ,  -3.7381499355155137E-007
   58.000000000000334      ,  -3.7204036594595971E-007
   58.100000000000335      ,  -3.7027704323044508E-007
   58.200000000000337      ,  -3.6852493497735021E-007
   58.300000000000338      ,  -3.6678395162984173E-007
   58.400000000000340      ,  -3.6505400449211076E-007
   58.500000000000341      ,  -3.6333500571968288E-007
   58.600000000000342      ,  -3.6162686830987542E-007
   58.700000000000337      ,  -3.5992950609235230E-007
   58.800000000000338      ,  -3.5824283371981899E-007
   58.900000000000340      ,  -3.5656676665882412E-007
   59.000000000000341      ,  -3.5490122118068676E-007
   59.100000000000342      ,  -3.5324611435254163E-007
   59.200000000000344      ,  -3.5160136402848256E-007
   59.300000000000345      ,  -3.4996688884083721E-007
   59.400000000000347      ,  -3.4834260819154749E-007
   59.500000000000348      ,  -3.4672844224364966E-007
   59.600000000000350      ,  -3.4512431191287460E-007
   59.700000000000344      ,  -3.4353013885935011E-007
   59.800000000000338      ,  -3.4194584547940030E-007
   59.900000000000333      ,  -3.4037135489746313E-007
   60.000000000000327      ,  -3.3880659095809889E-007
   60.100000000000321      ,  -3.3725147821809965E-007
   60.200000000000315      ,  -3.3570594193870243E-007
   60.300000000000310      ,  -3.3416990807789656E-007
   60.400000000000304      ,  -3.3264330328282754E-007
   60.500000000000298      ,  -3.3112605488229599E-007
   60.600000000000293      ,  -3.2961809087935002E-007
   60.700000000000287      ,  -3.2811933994397284E-007
   60.800000000000281      ,  -3.2662973140585291E-007
   60.900000000000276      ,  -3.2514919524725412E-007
   61.000000000000270      ,  -3.2367766209596527E-007
   61.100000000000264      ,  -3.2221506321834473E-007
   61.200000000000259      ,  -3.2076133051244099E-007
   61.300000000000253      ,  -3.1931639650121076E-007
   61.400000000000247      ,  -3.1788019432581128E-007
   61.500000000000242      ,  -3.1645265773897103E-007
   61.600000000000236      ,  -3.1503372109845941E-007
   61.700000000000230      ,  -3.1362331936061570E-007
   61.800000000000225      ,  -3.1222138807397084E-007
   61.900000000000219      ,  -3.1082786337294110E-007
   62.000000000000213      ,  -3.0944268197160283E-007
   62.100000000000207      ,  -3.0806578115753624E-007
   62.200000000000202      ,  -3.0669709878575215E-007
   62.300000000000196      ,  -3.0533657327268433E-007
   62.400000000000190      ,  -3.0398414359026284E-007
   62.500000000000185      ,  -3.0263974926005246E-007
   62.600000000000179      ,  -3.0130333034746344E-007
   62.700000000000173      ,  -2.9997482745603570E-007
   62.800000000000168      ,  -2.9865418172178644E-007
   62.900000000000162      ,  -2.9734133480762978E-007
   63.000000000000156      ,  -2.9603622889786162E-007
   63.100000000000151      ,  -2.9473880669270996E-007
   63.200000000000145      ,  -2.9344901140295256E-007
   63.300000000000139      ,  -2.9216678674459531E-007
   63.400000000000134      ,  -2.9089207693362083E-007
   63.500000000000128      ,  -2.8962482668078892E-007
   63.600000000000122      ,  -2.8836498118651293E-007
   63.700000000000117      ,  -2.8711248613577996E-007
   63.800000000000111      ,  -2.8586728769314941E-007
   63.900000000000105      ,  -2.8462933249779315E-007
   64.000000000000099      ,  -2.8339856765861121E-007
   64.100000000000094      ,  -2.8217494074939156E-007
   64.200000000000088      ,  -2.8095839980403116E-007
   64.300000000000082      ,  -2.7974889331182042E-007
   64.400000000000077      ,  -2.7854637021276941E-007
   64.500000000000071      ,  -2.7735077989300269E-007
   64.600000000000065      ,  -2.7616207218019832E-007
   64.700000000000060      ,  -2.7498019733908314E-007
   64.800000000000054      ,  -2.7380510606698328E-007
   64.900000000000048      ,  -2.7263674948942400E-007
   65.000000000000043      ,  -2.7147507915578057E-007
   65.100000000000037      ,  -2.7032004703497781E-007
   65.200000000000031      ,  -2.6917160551125000E-007
   65.300000000000026      ,  -2.6802970737993249E-007
   65.400000000000020      ,  -2.6689430584331646E-007
   65.500000000000014      ,  -2.6576535450654768E-007
   65.600000000000009      ,  -2.6464280737356730E-007
   65.700000000000003      ,  -2.6352661884310737E-007
   65.799999999999997      ,  -2.6241674370473023E-007
   65.899999999999991      ,  -2.6131313713490471E-007
   65.999999999999986      ,  -2.6021575469314319E-007
   66.099999999999980      ,  -2.5912455231816765E-007
   66.199999999999974      ,  -2.5803948632412810E-007
   66.299999999999969      ,  -2.5696051339686670E-007
   66.399999999999963      ,  -2.5588759059021249E-007
   66.499999999999957      ,  -2.5482067532233216E-007
   66.599999999999952      ,  -2.5375972537211277E-007
   66.699999999999946      ,  -2.5270469887558789E-007
   66.799999999999940      ,  -2.5165555432241063E-007
   66.899999999999935      ,  -2.5061225055235612E-007
   66.999999999999929      ,  -2.4957474675186910E-007
   67.099999999999923      ,  -2.4854300245065039E-007
   67.199999999999918      ,  -2.4751697751828419E-007
   67.299999999999912      ,  -2.4649663216089613E-007
   67.399999999999906      ,  -2.4548192691785808E-007
   67.499999999999901      ,  -2.4447282265851966E-007
   67.599999999999895      ,  -2.4346928057898797E-007
   67.699999999999889      ,  -2.4247126219893204E-007
   67.799999999999883      ,  -2.4147872935843111E-007
   67.899999999999878      ,  -2.4049164421485519E-007
   67.999999999999872      ,  -2.3950996923977978E-007
   68.099999999999866      ,  -2.3853366721593540E-007
   68.199999999999861      ,  -2.3756270123419052E-007
   68.299999999999855      ,  -2.3659703469057196E-007
   68.399999999999849      ,  -2.3563663128331089E-007
   68.499999999999844      ,  -2.3468145500992751E-007
   68.599999999999838      ,  -2.3373147016434724E-007
   68.699999999999832      ,  -2.3278664133404579E-007
   68.799999999999827      ,  -2.3184693339722716E-007
   68.899999999999821      ,  -2.3091231152003414E-007
   68.999999999999815      ,  -2.2998274115378909E-007
   69.099999999999810      ,  -2.2905818803226087E-007
   69.199999999999804      ,  -2.2813861816897028E-007
   69.299999999999798      ,  -2.2722399785451231E-007
   69.399999999999793      ,  -2.2631429365392471E-007
   69.499999999999787      ,  -2.2540947240406669E-007
   69.599999999999781      ,  -2.2450950121104046E-007
   69.699999999999775      ,  -2.2361434744763332E-007
   69.799999999999770      ,  -2.2272397875079206E-007
   69.899999999999764      ,  -2.2183836301911790E-007
   69.999999999999758      ,  -2.2095746841039756E-007
   70.099999999999753      ,  -2.2008126333915583E-007
   70.199999999999747      ,  -2.1920971647423346E-007
   70.299999999999741      ,  -2.1834279673639442E-007
   70.399999999999736      ,  -2.1748047329595668E-007
   70.499999999999730      ,  -2.1662271557045154E-007
   70.599999999999724      ,  -2.1576949322230337E-007
   70.699999999999719      ,  -2.1492077615653799E-007
   70.799999999999713      ,  -2.1407653451851484E-007
   70.899999999999707      ,  -2.1323673869168345E-007
   70.999999999999702      ,  -2.1240135929536124E-007
   71.099999999999696      ,  -2.1157036718254009E-007
   71.199999999999690      ,  -2.1074373343771156E-007
   71.299999999999685      ,  -2.0992142937471738E-007
   71.399999999999679      ,  -2.0910342653462459E-007
   71.499999999999673      ,  -2.0828969668361864E-007
   71.599999999999667      ,  -2.0748021181092237E-007
   71.699999999999662      ,  -2.0667494412673659E-007
   71.799999999999656      ,  -2.0587386606020122E-007
   71.899999999999650      ,  -2.0507695025737970E-007
   71.999999999999645      ,  -2.0428416957926186E-007
   72.099999999999639      ,  -2.0349549709979161E-007
   72.199999999999633      ,  -2.0271090610391111E-007
   72.299999999999628      ,  -2.0193037008563014E-007
   72.399999999999622      ,  -2.0115386274611199E-007
   72.499999999999616      ,  -2.0038135799177888E-007
   72.599999999999611      ,  -1.9961282993244234E-007
   72.699999999999605      ,  -1.9884825287944707E-007
   72.799999999999599      ,  -1.9808760134383979E-007
   72.899999999999594      ,  -1.9733085003455121E-007
   72.999999999999588      ,  -1.9657797385660258E-007
   73.099999999999582      ,  -1.9582894790932335E-007
   73.199999999999577      ,  -1.9508374748459870E-007
   73.299999999999571      ,  -1.9434234806512513E-007
   73.399999999999565      ,  -1.9360472532268776E-007
   73.499999999999559      ,  -1.9287085511645632E-007
   73.599999999999554      ,  -1.9214071349129684E-007
   73.699999999999548      ,  -1.9141427667610190E-007
   73.799999999999542      ,  -1.9069152108213962E-007
   73.899999999999537      ,  -1.8997242330141424E-007
   73.999999999999531      ,  -1.8925696010505120E-007
   74.099999999999525      ,  -1.8854510844169144E-007
   74.199999999999520      ,  -1.8783684543590723E-007
   74.299999999999514      ,  -1.8713214838663178E-007
   74.399999999999508      ,  -1.8643099476560517E-007
   74.499999999999503      ,  -1.8573336221583829E-007
   74.599999999999497      ,  -1.8503922855008763E-007
   74.699999999999491      ,  -1.8434857174935127E-007
   74.799999999999486      ,  -1.8366136996137594E-007
   74.899999999999480      ,  -1.8297760149918089E-007
   74.999999999999474      ,  -1.8229724483959649E-007
   75.099999999999469      ,  -1.8162027862182050E-007
   75.199999999999463      ,  -1.8094668164597932E-007
   75.299999999999457      ,  -1.8027643287171758E-007
   75.399999999999437      ,  -1.7960951141679183E-007
   75.499999999999432      ,  -1.7894589655568142E-007
   75.599999999999426      ,  -1.7828556771821446E-007
   75.699999999999420      ,  -1.7762850448820494E-007
   75.799999999999415      ,  -1.7697468660210665E-007
   75.899999999999409      ,  -1.7632409394767825E-007
   75.999999999999403      ,  -1.7567670656266356E-007
   76.099999999999397      ,  -1.7503250463348176E-007
   76.199999999999392      ,  -1.7439146849393532E-007
   76.299999999999386      ,  -1.7375357862392697E-007
   76.399999999999380      ,  -1.7311881564819037E-007
   76.499999999999375      ,  -1.7248716033503549E-007
   76.599999999999369      ,  -1.7185859359510495E-007
   76.699999999999363      ,  -1.7123309648013889E-007
   76.799999999999358      ,  -1.7061065018176050E-007
   76.899999999999352      ,  -1.6999123603026625E-007
   76.999999999999346      ,  -1.6937483549343029E-007
   77.099999999999341      ,  -1.6876143017532299E-007
   77.199999999999335      ,  -1.6815100181513640E-007
   77.299999999999329      ,  -1.6754353228602733E-007
   77.399999999999324      ,  -1.6693900359396401E-007
   77.499999999999318      ,  -1.6633739787659302E-007
   77.599999999999312      ,  -1.6573869740211093E-007
   77.699999999999307      ,  -1.6514288456814763E-007
   77.799999999999301      ,  -1.6454994190066292E-007
   77.899999999999295      ,  -1.6395985205285397E-007
   77.999999999999289      ,  -1.6337259780407036E-007
   78.099999999999284      ,  -1.6278816205874170E-007
   78.199999999999278      ,  -1.6220652784531746E-007
   78.299999999999272      ,  -1.6162767831521330E-007
   78.399999999999267      ,  -1.6105159674176962E-007
   78.499999999999261      ,  -1.6047826651922196E-007
   78.599999999999255      ,  -1.5990767116167765E-007
   78.699999999999250      ,  -1.5933979430210318E-007
   78.799999999999244      ,  -1.5877461969132633E-007
   78.899999999999238      ,  -1.5821213119704116E-007
   78.999999999999233      ,  -1.5765231280282504E-007
   79.099999999999227      ,  -1.5709514860716775E-007
   79.199999999999221      ,  -1.5654062282250415E-007
   79.299999999999216      ,  -1.5598871977426593E-007
   79.399999999999210      ,  -1.5543942389992755E-007
   79.499999999999204      ,  -1.5489271974807771E-007
   79.599999999999199      ,  -1.5434859197748812E-007
   79.699999999999193      ,  -1.5380702535619536E-007
   79.799999999999187      ,  -1.5326800476059142E-007
   79.899999999999181      ,  -1.5273151517452408E-007
   79.999999999999176      ,  -1.5219754168840123E-007
