  0.10000000000000001       ,   -0.96233997918944936     
  0.20000000000000001       ,   -0.23981074415705356     
  0.29999999999999999       ,   -0.10614368466143743     
  0.40000000000000002       ,    -5.9424465409360361E-002
  0.50000000000000000       ,    -3.7836473477452011E-002
  0.59999999999999998       ,    -2.6132422470248461E-002
  0.69999999999999996       ,    -1.9090524310416745E-002
  0.79999999999999993       ,    -1.4530838917506865E-002
  0.89999999999999991       ,    -1.1412631536834967E-002
  0.99999999999999989       ,    -9.1881596144320621E-003
   1.0999999999999999       ,    -7.5469152000613602E-003
   1.2000000000000000       ,    -6.3022552280092769E-003
   1.3000000000000000       ,    -5.3365397422794683E-003
   1.4000000000000001       ,    -4.5726542354995762E-003
   1.5000000000000002       ,    -3.9583531784404763E-003
   1.6000000000000003       ,    -3.4572291973100559E-003
   1.7000000000000004       ,    -3.0432874762328739E-003
   1.8000000000000005       ,    -2.6975699791074287E-003
   1.9000000000000006       ,    -2.4059901429356570E-003
   2.0000000000000004       ,    -2.1579063939629268E-003
   2.1000000000000005       ,    -1.9451599120576197E-003
   2.2000000000000006       ,    -1.7614117306501435E-003
   2.3000000000000007       ,    -1.6016773378306765E-003
   2.4000000000000008       ,    -1.4619943145829470E-003
   2.5000000000000009       ,    -1.3391812800068656E-003
   2.6000000000000010       ,    -1.2306605775404508E-003
   2.7000000000000011       ,    -1.1343261542404654E-003
   2.8000000000000012       ,    -1.0484439412083958E-003
   2.9000000000000012       ,    -9.7157591523733668E-004
   3.0000000000000013       ,    -9.0252162471783062E-004
   3.1000000000000014       ,    -8.4027273965385323E-004
   3.2000000000000015       ,    -7.8397741578832092E-004
   3.3000000000000016       ,    -7.3291212575861138E-004
   3.4000000000000017       ,    -6.8645922295548366E-004
   3.5000000000000018       ,    -6.4408894385161700E-004
   3.6000000000000014       ,    -6.0534487403211140E-004
   3.7000000000000015       ,    -5.6983213738728323E-004
   3.8000000000000016       ,    -5.3720774127565072E-004
   3.9000000000000017       ,    -5.0717263989235131E-004
   4.0000000000000018       ,    -4.7946517551867912E-004
   4.1000000000000023       ,    -4.5385563126509740E-004
   4.2000000000000020       ,    -4.3014168543989168E-004
   4.3000000000000025       ,    -4.0814460118598526E-004
   4.4000000000000021       ,    -3.8770601874773473E-004
   4.5000000000000027       ,    -3.6868524402700081E-004
   4.6000000000000023       ,    -3.5095694772083381E-004
   4.7000000000000020       ,    -3.3440920561486756E-004
   4.8000000000000025       ,    -3.1894182352531429E-004
   4.9000000000000021       ,    -3.0446490068598164E-004
   5.0000000000000027       ,    -2.9089759363615480E-004
   5.1000000000000023       ,    -2.7816704931719021E-004
   5.2000000000000028       ,    -2.6620748146776092E-004
   5.3000000000000025       ,    -2.5495936878145429E-004
   5.4000000000000030       ,    -2.4436875685964973E-004
   5.5000000000000027       ,    -2.3438664891703654E-004
   5.6000000000000032       ,    -2.2496847260254264E-004
   5.7000000000000028       ,    -2.1607361228444776E-004
   5.8000000000000034       ,    -2.0766499779384043E-004
   5.9000000000000030       ,    -1.9970874198867896E-004
   6.0000000000000036       ,    -1.9217382064192924E-004
   6.1000000000000032       ,    -1.8503178911234610E-004
   6.2000000000000037       ,    -1.7825653105813002E-004
   6.3000000000000034       ,    -1.7182403512880541E-004
   6.4000000000000039       ,    -1.6571219614059337E-004
   6.5000000000000036       ,    -1.5990063772326605E-004
   6.6000000000000041       ,    -1.5437055383623100E-004
   6.7000000000000037       ,    -1.4910456690044616E-004
   6.8000000000000034       ,    -1.4408660059051076E-004
   6.9000000000000039       ,    -1.3930176558592445E-004
   7.0000000000000036       ,    -1.3473625679897100E-004
   7.1000000000000041       ,    -1.3037726078440228E-004
   7.2000000000000037       ,    -1.2621287219781097E-004
   7.3000000000000043       ,    -1.2223201830920924E-004
   7.4000000000000039       ,    -1.1842439069913472E-004
   7.5000000000000044       ,    -1.1478038336928218E-004
   7.6000000000000032       ,    -1.1129103659065915E-004
   7.7000000000000028       ,    -1.0794798589138618E-004
   7.8000000000000016       ,    -1.0474341565532027E-004
   7.9000000000000012       ,    -1.0167001686294892E-004
   8.0000000000000000       ,    -9.8720948558788350E-005
   8.0999999999999996       ,    -9.5889802675761256E-005
   8.1999999999999993       ,    -9.3170571887654478E-005
   8.2999999999999989       ,    -9.0557620196475496E-005
   8.3999999999999968       ,    -8.8045655993000007E-005
   8.4999999999999964       ,    -8.5629707356581271E-005
   8.5999999999999961       ,    -8.3305099384807624E-005
   8.6999999999999957       ,    -8.1067433365341701E-005
   8.7999999999999936       ,    -7.8912567621496700E-005
   8.8999999999999932       ,    -7.6836599880202594E-005
   8.9999999999999929       ,    -7.4835851026193429E-005
   9.0999999999999925       ,    -7.2906850119758561E-005
   9.1999999999999922       ,    -7.1046320567445836E-005
   9.2999999999999901       ,    -6.9251167345846265E-005
   9.3999999999999897       ,    -6.7518465188191258E-005
   9.4999999999999893       ,    -6.5845447652082480E-005
   9.5999999999999890       ,    -6.4229496994358683E-005
   9.6999999999999869       ,    -6.2668134786011850E-005
   9.7999999999999865       ,    -6.1159013206244991E-005
   9.8999999999999861       ,    -5.9699906960335026E-005
   9.9999999999999858       ,    -5.8288705770965313E-005
   10.099999999999985       ,    -5.6923407397206218E-005
   10.199999999999983       ,    -5.5602111139384981E-005
   10.299999999999983       ,    -5.4323011791756700E-005
   10.399999999999983       ,    -5.3084394008199678E-005
   10.499999999999982       ,    -5.1884627049168055E-005
   10.599999999999980       ,    -5.0722159880834754E-005
   10.699999999999980       ,    -4.9595516599831586E-005
   10.799999999999979       ,    -4.8503292159211679E-005
   10.899999999999979       ,    -4.7444148373299766E-005
   10.999999999999977       ,    -4.6416810180921894E-005
   11.099999999999977       ,    -4.5420062148190960E-005
   11.199999999999976       ,    -4.4452745193544872E-005
   11.299999999999976       ,    -4.3513753519121077E-005
   11.399999999999975       ,    -4.2602031733820476E-005
   11.499999999999973       ,    -4.1716572154567077E-005
   11.599999999999973       ,    -4.0856412273325338E-005
   11.699999999999973       ,    -4.0020632378403033E-005
   11.799999999999972       ,    -3.9208353319448583E-005
   11.899999999999970       ,    -3.8418734406360470E-005
   11.999999999999970       ,    -3.7650971433065330E-005
   12.099999999999969       ,    -3.6904294817802025E-005
   12.199999999999969       ,    -3.6177967852169885E-005
   12.299999999999969       ,    -3.5471285051770734E-005
   12.399999999999967       ,    -3.4783570601801928E-005
   12.499999999999966       ,    -3.4114176891437728E-005
   12.599999999999966       ,    -3.3462483131283907E-005
   12.699999999999966       ,    -3.2827894048594702E-005
   12.799999999999963       ,    -3.2209838655326313E-005
   12.899999999999963       ,    -3.1607769084438086E-005
   12.999999999999963       ,    -3.1021159490184182E-005
   13.099999999999962       ,    -3.0449505008424014E-005
   13.199999999999960       ,    -2.9892320773264248E-005
   13.299999999999960       ,    -2.9349140986586127E-005
   13.399999999999959       ,    -2.8819518037253979E-005
   13.499999999999959       ,    -2.8303021667014354E-005
   13.599999999999959       ,    -2.7799238180295154E-005
   13.699999999999957       ,    -2.7307769695297899E-005
   13.799999999999956       ,    -2.6828233433953439E-005
   13.899999999999956       ,    -2.6360261048464022E-005
   13.999999999999956       ,    -2.5903497982307004E-005
   14.099999999999953       ,    -2.5457602863713601E-005
   14.199999999999953       ,    -2.5022246929758300E-005
   14.299999999999953       ,    -2.4597113479320537E-005
   14.399999999999952       ,    -2.4181897353283159E-005
   14.499999999999952       ,    -2.3776304440440784E-005
   14.599999999999950       ,    -2.3380051207682998E-005
   14.699999999999950       ,    -2.2992864253107322E-005
   14.799999999999949       ,    -2.2614479880801136E-005
   14.899999999999949       ,    -2.2244643696105942E-005
   14.999999999999948       ,    -2.1883110220252901E-005
   15.099999999999950       ,    -2.1529642523323158E-005
   15.199999999999951       ,    -2.1184011874550313E-005
   15.299999999999951       ,    -2.0845997409041231E-005
   15.399999999999952       ,    -2.0515385810045765E-005
   15.499999999999954       ,    -2.0191971005957315E-005
   15.599999999999955       ,    -1.9875553881273358E-005
   15.699999999999955       ,    -1.9565942000791725E-005
   15.799999999999956       ,    -1.9262949346357724E-005
   15.899999999999958       ,    -1.8966396065518877E-005
   15.999999999999957       ,    -1.8676108231479733E-005
   16.099999999999959       ,    -1.8391917613782912E-005
   16.199999999999960       ,    -1.8113661459176722E-005
   16.299999999999962       ,    -1.7841182282158833E-005
   16.399999999999963       ,    -1.7574327664713184E-005
   16.499999999999961       ,    -1.7312950064786580E-005
   16.599999999999962       ,    -1.7056906633073213E-005
   16.699999999999964       ,    -1.6806059037701460E-005
   16.799999999999965       ,    -1.6560273296438391E-005
   16.899999999999967       ,    -1.6319419616048581E-005
   16.999999999999968       ,    -1.6083372238462285E-005
   17.099999999999969       ,    -1.5852009293428365E-005
   17.199999999999967       ,    -1.5625212657343402E-005
   17.299999999999969       ,    -1.5402867817963892E-005
   17.399999999999970       ,    -1.5184863744727227E-005
   17.499999999999972       ,    -1.4971092764416719E-005
   17.599999999999973       ,    -1.4761450441923629E-005
   17.699999999999974       ,    -1.4555835465870582E-005
   17.799999999999976       ,    -1.4354149538871644E-005
   17.899999999999974       ,    -1.4156297272218594E-005
   17.999999999999975       ,    -1.3962186084790729E-005
   18.099999999999977       ,    -1.3771726105997319E-005
   18.199999999999978       ,    -1.3584830082572469E-005
   18.299999999999979       ,    -1.3401413289047631E-005
   18.399999999999981       ,    -1.3221393441740460E-005
   18.499999999999979       ,    -1.3044690616102557E-005
   18.599999999999980       ,    -1.2871227167278843E-005
   18.699999999999982       ,    -1.2700927653737392E-005
   18.799999999999983       ,    -1.2533718763836515E-005
   18.899999999999984       ,    -1.2369529245200566E-005
   18.999999999999986       ,    -1.2208289836784505E-005
   19.099999999999987       ,    -1.2049933203510772E-005
   19.199999999999985       ,    -1.1894393873369107E-005
   19.299999999999986       ,    -1.1741608176874293E-005
   19.399999999999988       ,    -1.1591514188782494E-005
   19.499999999999989       ,    -1.1444051671970687E-005
   19.599999999999991       ,    -1.1299162023389034E-005
   19.699999999999992       ,    -1.1156788221999455E-005
   19.799999999999994       ,    -1.1016874778618311E-005
   19.899999999999991       ,    -1.0879367687584410E-005
   19.999999999999993       ,    -1.0744214380177590E-005
   20.099999999999994       ,    -1.0611363679716319E-005
   20.199999999999996       ,    -1.0480765758265957E-005
   20.299999999999997       ,    -1.0352372094892311E-005
   20.399999999999999       ,    -1.0226135435398700E-005
   20.500000000000000       ,    -1.0102009753486790E-005
   20.599999999999998       ,    -9.9799502132842353E-006
   20.699999999999999       ,    -9.8599131331853134E-006
   20.800000000000001       ,    -9.7418559509520425E-006
   20.900000000000002       ,    -9.6257371900268455E-006
   21.000000000000004       ,    -9.5115164270087201E-006
   21.100000000000005       ,    -9.3991542602482698E-006
   21.200000000000003       ,    -9.2886122795170870E-006
   21.300000000000004       ,    -9.1798530367114156E-006
   21.400000000000006       ,    -9.0728400175490997E-006
   21.500000000000007       ,    -8.9675376142223635E-006
   21.600000000000009       ,    -8.8639110989702061E-006
   21.700000000000010       ,    -8.7619265985346693E-006
   21.800000000000011       ,    -8.6615510694690035E-006
   21.900000000000009       ,    -8.5627522742641090E-006
   22.000000000000011       ,    -8.4654987582639300E-006
   22.100000000000012       ,    -8.3697598273396178E-006
   22.200000000000014       ,    -8.2755055262945444E-006
   22.300000000000015       ,    -8.1827066179736104E-006
   22.400000000000016       ,    -8.0913345630499013E-006
   22.500000000000018       ,    -8.0013615004651810E-006
   22.600000000000016       ,    -7.9127602284992217E-006
   22.700000000000017       ,    -7.8255041864459065E-006
   22.800000000000018       ,    -7.7395674368737336E-006
   22.900000000000020       ,    -7.6549246484502851E-006
   23.000000000000021       ,    -7.5715510793094234E-006
   23.100000000000023       ,    -7.4894225609427556E-006
   23.200000000000024       ,    -7.4085154825966385E-006
   23.300000000000022       ,    -7.3288067761561963E-006
   23.400000000000023       ,    -7.2502739014997850E-006
   23.500000000000025       ,    -7.1728948323072369E-006
   23.600000000000026       ,    -7.0966480423059749E-006
   23.700000000000028       ,    -7.0215124919397451E-006
   23.800000000000029       ,    -6.9474676154453326E-006
   23.900000000000027       ,    -6.8744933083231573E-006
   24.000000000000028       ,    -6.8025699151883235E-006
   24.100000000000030       ,    -6.7316782179888198E-006
   24.200000000000031       ,    -6.6617994245787022E-006
   24.300000000000033       ,    -6.5929151576338846E-006
   24.400000000000034       ,    -6.5250074438990715E-006
   24.500000000000036       ,    -6.4580587037547503E-006
   24.600000000000033       ,    -6.3920517410933586E-006
   24.700000000000035       ,    -6.3269697334942953E-006
   24.800000000000036       ,    -6.2627962226879903E-006
   24.900000000000038       ,    -6.1995151052991658E-006
   25.000000000000039       ,    -6.1371106238603502E-006
   25.100000000000041       ,    -6.0755673580864984E-006
   25.200000000000042       ,    -6.0148702164023510E-006
   25.300000000000040       ,    -5.9550044277140774E-006
   25.400000000000041       ,    -5.8959555334174961E-006
   25.500000000000043       ,    -5.8377093796350175E-006
   25.600000000000044       ,    -5.7802521096738505E-006
   25.700000000000045       ,    -5.7235701566986763E-006
   25.800000000000047       ,    -5.6676502366115352E-006
   25.900000000000048       ,    -5.6124793411326822E-006
   26.000000000000046       ,    -5.5580447310755161E-006
   26.100000000000048       ,    -5.5043339298100419E-006
   26.200000000000049       ,    -5.4513347169084741E-006
   26.300000000000050       ,    -5.3990351219673101E-006
   26.400000000000052       ,    -5.3474234186004962E-006
   26.500000000000053       ,    -5.2964881185983097E-006
   26.600000000000051       ,    -5.2462179662466306E-006
   26.700000000000053       ,    -5.1966019328017270E-006
   26.800000000000054       ,    -5.1476292111159578E-006
   26.900000000000055       ,    -5.0992892104093474E-006
   27.000000000000057       ,    -5.0515715511828887E-006
   27.100000000000058       ,    -5.0044660602690806E-006
   27.200000000000060       ,    -4.9579627660155486E-006
   27.300000000000058       ,    -4.9120518935978077E-006
   27.400000000000059       ,    -4.8667238604570879E-006
   27.500000000000060       ,    -4.8219692718595552E-006
   27.600000000000062       ,    -4.7777789165732918E-006
   27.700000000000063       ,    -4.7341437626596052E-006
   27.800000000000065       ,    -4.6910549533748716E-006
   27.900000000000066       ,    -4.6485038031802266E-006
   28.000000000000064       ,    -4.6064817938553425E-006
   28.100000000000065       ,    -4.5649805707136032E-006
   28.200000000000067       ,    -4.5239919389155287E-006
   28.300000000000068       ,    -4.4835078598775534E-006
   28.400000000000070       ,    -4.4435204477734733E-006
   28.500000000000071       ,    -4.4040219661257962E-006
   28.600000000000072       ,    -4.3650048244844574E-006
   28.700000000000070       ,    -4.3264615751901784E-006
   28.800000000000072       ,    -4.2883849102203615E-006
   28.900000000000073       ,    -4.2507676581147546E-006
   29.000000000000075       ,    -4.2136027809791219E-006
   29.100000000000076       ,    -4.1768833715639686E-006
   29.200000000000077       ,    -4.1406026504170035E-006
   29.300000000000075       ,    -4.1047539631065644E-006
   29.400000000000077       ,    -4.0693307775144957E-006
   29.500000000000078       ,    -4.0343266811961654E-006
   29.600000000000080       ,    -3.9997353788059775E-006
   29.700000000000081       ,    -3.9655506895863966E-006
   29.800000000000082       ,    -3.9317665449188884E-006
   29.900000000000084       ,    -3.8983769859348369E-006
   30.000000000000082       ,    -3.8653761611849273E-006
   30.100000000000083       ,    -3.8327583243653405E-006
   30.200000000000085       ,    -3.8005178320992157E-006
   30.300000000000086       ,    -3.7686491417718749E-006
   30.400000000000087       ,    -3.7371468094182014E-006
   30.500000000000089       ,    -3.7060054876609727E-006
   30.600000000000090       ,    -3.6752199236986336E-006
   30.700000000000088       ,    -3.6447849573411419E-006
   30.800000000000090       ,    -3.6146955190927279E-006
   30.900000000000091       ,    -3.5849466282800896E-006
   31.000000000000092       ,    -3.5555333912251001E-006
   31.100000000000094       ,    -3.5264509994604753E-006
   31.200000000000095       ,    -3.4976947279876104E-006
   31.300000000000097       ,    -3.4692599335752563E-006
   31.400000000000095       ,    -3.4411420530979737E-006
   31.500000000000096       ,    -3.4133366019133756E-006
   31.600000000000097       ,    -3.3858391722770751E-006
   31.700000000000099       ,    -3.3586454317944543E-006
   31.800000000000100       ,    -3.3317511219081070E-006
   31.900000000000102       ,    -3.3051520564202146E-006
   32.000000000000099       ,    -3.2788441200488888E-006
   32.100000000000101       ,    -3.2528232670174462E-006
   32.200000000000102       ,    -3.2270855196760823E-006
   32.300000000000104       ,    -3.2016269671547407E-006
   32.400000000000105       ,    -3.1764437640467178E-006
   32.500000000000107       ,    -3.1515321291219302E-006
   32.600000000000108       ,    -3.1268883440692946E-006
   32.700000000000109       ,    -3.1025087522673743E-006
   32.800000000000111       ,    -3.0783897575825990E-006
   32.900000000000112       ,    -3.0545278231943445E-006
   33.000000000000114       ,    -3.0309194704462235E-006
   33.100000000000108       ,    -3.0075612777229408E-006
   33.200000000000109       ,    -2.9844498793519972E-006
   33.300000000000111       ,    -2.9615819645296873E-006
   33.400000000000112       ,    -2.9389542762707963E-006
   33.500000000000114       ,    -2.9165636103813326E-006
   33.600000000000115       ,    -2.8944068144537714E-006
   33.700000000000117       ,    -2.8724807868843176E-006
   33.800000000000118       ,    -2.8507824759114464E-006
   33.900000000000119       ,    -2.8293088786755088E-006
   34.000000000000121       ,    -2.8080570402984947E-006
   34.100000000000122       ,    -2.7870240529839081E-006
   34.200000000000124       ,    -2.7662070551357978E-006
   34.300000000000125       ,    -2.7456032304968586E-006
   34.400000000000119       ,    -2.7252098073050025E-006
   34.500000000000121       ,    -2.7050240574677899E-006
   34.600000000000122       ,    -2.6850432957546273E-006
   34.700000000000124       ,    -2.6652648790059871E-006
   34.800000000000125       ,    -2.6456862053594458E-006
   34.900000000000126       ,    -2.6263047134920476E-006
   35.000000000000128       ,    -2.6071178818785993E-006
   35.100000000000129       ,    -2.5881232280655758E-006
   35.200000000000131       ,    -2.5693183079602467E-006
   35.300000000000132       ,    -2.5507007151345678E-006
   35.400000000000134       ,    -2.5322680801436844E-006
   35.500000000000135       ,    -2.5140180698585181E-006
   35.600000000000136       ,    -2.4959483868121776E-006
   35.700000000000138       ,    -2.4780567685599238E-006
   35.800000000000132       ,    -2.4603409870522756E-006
   35.900000000000134       ,    -2.4427988480210062E-006
   36.000000000000135       ,    -2.4254281903777556E-006
   36.100000000000136       ,    -2.4082268856248453E-006
   36.200000000000138       ,    -2.3911928372782324E-006
   36.300000000000139       ,    -2.3743239803020943E-006
   36.400000000000141       ,    -2.3576182805548743E-006
   36.500000000000142       ,    -2.3410737342466252E-006
   36.600000000000144       ,    -2.3246883674071740E-006
   36.700000000000145       ,    -2.3084602353650626E-006
   36.800000000000146       ,    -2.2923874222369242E-006
   36.900000000000148       ,    -2.2764680404270721E-006
   37.000000000000149       ,    -2.2607002301370368E-006
   37.100000000000144       ,    -2.2450821588849459E-006
   37.200000000000145       ,    -2.2296120210343697E-006
   37.300000000000146       ,    -2.2142880373325382E-006
   37.400000000000148       ,    -2.1991084544576534E-006
   37.500000000000149       ,    -2.1840715445751105E-006
   37.600000000000151       ,    -2.1691756049025017E-006
   37.700000000000152       ,    -2.1544189572830569E-006
   37.800000000000153       ,    -2.1397999477674395E-006
   37.900000000000155       ,    -2.1253169462037843E-006
   38.000000000000156       ,    -2.1109683458355722E-006
   38.100000000000158       ,    -2.0967525629074095E-006
   38.200000000000159       ,    -2.0826680362783499E-006
   38.300000000000161       ,    -2.0687132270427904E-006
   38.400000000000162       ,    -2.0548866181585273E-006
   38.500000000000156       ,    -2.0411867140820558E-006
   38.600000000000158       ,    -2.0276120404108122E-006
   38.700000000000159       ,    -2.0141611435322686E-006
   38.800000000000161       ,    -2.0008325902796846E-006
   38.900000000000162       ,    -1.9876249675944277E-006
   39.000000000000163       ,    -1.9745368821947050E-006
   39.100000000000165       ,    -1.9615669602505172E-006
   39.200000000000166       ,    -1.9487138470647925E-006
   39.300000000000168       ,    -1.9359762067604883E-006
   39.400000000000169       ,    -1.9233527219735898E-006
   39.500000000000171       ,    -1.9108420935518505E-006
   39.600000000000172       ,    -1.8984430402591427E-006
   39.700000000000173       ,    -1.8861542984853419E-006
   39.800000000000168       ,    -1.8739746219616030E-006
   39.900000000000169       ,    -1.8619027814808919E-006
   40.000000000000171       ,    -1.8499375646237154E-006
   40.100000000000172       ,    -1.8380777754888979E-006
   40.200000000000173       ,    -1.8263222344293222E-006
   40.300000000000175       ,    -1.8146697777925062E-006
   40.400000000000176       ,    -1.8031192576659608E-006
   40.500000000000178       ,    -1.7916695416271825E-006
   40.600000000000179       ,    -1.7803195124982063E-006
   40.700000000000180       ,    -1.7690680681046223E-006
   40.800000000000182       ,    -1.7579141210389701E-006
   40.900000000000183       ,    -1.7468565984284321E-006
   41.000000000000185       ,    -1.7358944417066813E-006
   41.100000000000186       ,    -1.7250266063898780E-006
   41.200000000000180       ,    -1.7142520618566835E-006
   41.300000000000182       ,    -1.7035697911322063E-006
   41.400000000000183       ,    -1.6929787906758280E-006
   41.500000000000185       ,    -1.6824780701727984E-006
   41.600000000000186       ,    -1.6720666523295744E-006
   41.700000000000188       ,    -1.6617435726727798E-006
   41.800000000000189       ,    -1.6515078793516740E-006
   41.900000000000190       ,    -1.6413586329442312E-006
   42.000000000000192       ,    -1.6312949062665218E-006
   42.100000000000193       ,    -1.6213157841855310E-006
   42.200000000000195       ,    -1.6114203634352151E-006
   42.300000000000196       ,    -1.6016077524358048E-006
   42.400000000000198       ,    -1.5918770711162785E-006
   42.500000000000192       ,    -1.5822274507398872E-006
   42.600000000000193       ,    -1.5726580337327590E-006
   42.700000000000195       ,    -1.5631679735154707E-006
   42.800000000000196       ,    -1.5537564343375104E-006
   42.900000000000198       ,    -1.5444225911146422E-006
   43.000000000000199       ,    -1.5351656292690345E-006
   43.100000000000200       ,    -1.5259847445721831E-006
   43.200000000000202       ,    -1.5168791429904716E-006
   43.300000000000203       ,    -1.5078480405334505E-006
   43.400000000000205       ,    -1.4988906631046294E-006
   43.500000000000206       ,    -1.4900062463548923E-006
   43.600000000000207       ,    -1.4811940355383379E-006
   43.700000000000209       ,    -1.4724532853706164E-006
   43.800000000000210       ,    -1.4637832598896417E-006
   43.900000000000205       ,    -1.4551832323186508E-006
   44.000000000000206       ,    -1.4466524849315980E-006
   44.100000000000207       ,    -1.4381903089208053E-006
   44.200000000000209       ,    -1.4297960042668151E-006
   44.300000000000210       ,    -1.4214688796104344E-006
   44.400000000000212       ,    -1.4132082521269357E-006
   44.500000000000213       ,    -1.4050134474023361E-006
   44.600000000000215       ,    -1.3968837993117358E-006
   44.700000000000216       ,    -1.3888186498996787E-006
   44.800000000000217       ,    -1.3808173492625094E-006
   44.900000000000219       ,    -1.3728792554326581E-006
   45.000000000000220       ,    -1.3650037342648300E-006
   45.100000000000222       ,    -1.3571901593240990E-006
   45.200000000000216       ,    -1.3494379117758063E-006
   45.300000000000217       ,    -1.3417463802772649E-006
   45.400000000000219       ,    -1.3341149608712821E-006
   45.500000000000220       ,    -1.3265430568813446E-006
   45.600000000000222       ,    -1.3190300788085845E-006
   45.700000000000223       ,    -1.3115754442303609E-006
   45.800000000000225       ,    -1.3041785777005281E-006
   45.900000000000226       ,    -1.2968389106512988E-006
   46.000000000000227       ,    -1.2895558812966808E-006
   46.100000000000229       ,    -1.2823289345375050E-006
   46.200000000000230       ,    -1.2751575218679473E-006
   46.300000000000232       ,    -1.2680411012835526E-006
   46.400000000000233       ,    -1.2609791371907725E-006
   46.500000000000234       ,    -1.2539711003178732E-006
   46.600000000000229       ,    -1.2470164676273575E-006
   46.700000000000230       ,    -1.2401147222296876E-006
   46.800000000000232       ,    -1.2332653532984539E-006
   46.900000000000233       ,    -1.2264678559868298E-006
   47.000000000000234       ,    -1.2197217313454024E-006
   47.100000000000236       ,    -1.2130264862412471E-006
   47.200000000000237       ,    -1.2063816332783094E-006
   47.300000000000239       ,    -1.1997866907190356E-006
   47.400000000000240       ,    -1.1932411824072157E-006
   47.500000000000242       ,    -1.1867446376920609E-006
   47.600000000000243       ,    -1.1802965913534365E-006
   47.700000000000244       ,    -1.1738965835282626E-006
   47.800000000000246       ,    -1.1675441596381168E-006
   47.900000000000240       ,    -1.1612388703178772E-006
   48.000000000000242       ,    -1.1549802713455167E-006
   48.100000000000243       ,    -1.1487679235729845E-006
   48.200000000000244       ,    -1.1426013928581431E-006
   48.300000000000246       ,    -1.1364802499977543E-006
   48.400000000000247       ,    -1.1304040706614969E-006
   48.500000000000249       ,    -1.1243724353269967E-006
   48.600000000000250       ,    -1.1183849292158479E-006
   48.700000000000252       ,    -1.1124411422306294E-006
   48.800000000000253       ,    -1.1065406688928365E-006
   48.900000000000254       ,    -1.1006831082818227E-006
   49.000000000000256       ,    -1.0948680639746067E-006
   49.100000000000257       ,    -1.0890951439866294E-006
   49.200000000000259       ,    -1.0833639607133955E-006
   49.300000000000253       ,    -1.0776741308729901E-006
   49.400000000000254       ,    -1.0720252754494778E-006
   49.500000000000256       ,    -1.0664170196371349E-006
   49.600000000000257       ,    -1.0608489927855171E-006
   49.700000000000259       ,    -1.0553208283453889E-006
   49.800000000000260       ,    -1.0498321638153905E-006
   49.900000000000261       ,    -1.0443826406895789E-006
   50.000000000000263       ,    -1.0389719044056854E-006
   50.100000000000264       ,    -1.0335996042941817E-006
   50.200000000000266       ,    -1.0282653935280898E-006
   50.300000000000267       ,    -1.0229689290735208E-006
   50.400000000000269       ,    -1.0177098716409779E-006
   50.500000000000270       ,    -1.0124878856373335E-006
   50.600000000000264       ,    -1.0073026391185527E-006
   50.700000000000266       ,    -1.0021538037430962E-006
   50.800000000000267       ,    -9.9704105472598728E-007
   50.900000000000269       ,    -9.9196407079359628E-007
   51.000000000000270       ,    -9.8692253413902927E-007
   51.100000000000271       ,    -9.8191613037821475E-007
   51.200000000000273       ,    -9.7694454850660590E-007
   51.300000000000274       ,    -9.7200748085651124E-007
   51.400000000000276       ,    -9.6710462305505308E-007
   51.500000000000277       ,    -9.6223567398273079E-007
   51.600000000000279       ,    -9.5740033573257654E-007
   51.700000000000280       ,    -9.5259831356990803E-007
   51.800000000000281       ,    -9.4782931589265053E-007
   51.900000000000283       ,    -9.4309305419224188E-007
   52.000000000000277       ,    -9.3838924301509046E-007
   52.100000000000279       ,    -9.3371759992457569E-007
   52.200000000000280       ,    -9.2907784546361027E-007
   52.300000000000281       ,    -9.2446970311771704E-007
   52.400000000000283       ,    -9.1989289927864668E-007
   52.500000000000284       ,    -9.1534716320850005E-007
   52.600000000000286       ,    -9.1083222700436269E-007
   52.700000000000287       ,    -9.0634782556344395E-007
   52.800000000000288       ,    -9.0189369654870752E-007
   52.900000000000290       ,    -8.9746958035497982E-007
   53.000000000000291       ,    -8.9307522007553361E-007
   53.100000000000293       ,    -8.8871036146915605E-007
   53.200000000000294       ,    -8.8437475292767382E-007
   53.300000000000288       ,    -8.8006814544390362E-007
   53.400000000000290       ,    -8.7579029258009685E-007
   53.500000000000291       ,    -8.7154095043679513E-007
   53.600000000000293       ,    -8.6731987762211779E-007
   53.700000000000294       ,    -8.6312683522149846E-007
   53.800000000000296       ,    -8.5896158676780788E-007
   53.900000000000297       ,    -8.5482389821192746E-007
   54.000000000000298       ,    -8.5071353789368915E-007
   54.100000000000300       ,    -8.4663027651326120E-007
   54.200000000000301       ,    -8.4257388710288223E-007
   54.300000000000303       ,    -8.3854414499902034E-007
   54.400000000000304       ,    -8.3454082781488857E-007
   54.500000000000306       ,    -8.3056371541335687E-007
   54.600000000000307       ,    -8.2661258988021365E-007
   54.700000000000301       ,    -8.2268723549781401E-007
   54.800000000000303       ,    -8.1878743871906169E-007
   54.900000000000304       ,    -8.1491298814177184E-007
   55.000000000000306       ,    -8.1106367448336464E-007
   55.100000000000307       ,    -8.0723929055589649E-007
   55.200000000000308       ,    -8.0343963124145244E-007
   55.300000000000310       ,    -7.9966449346784096E-007
   55.400000000000311       ,    -7.9591367618464114E-007
   55.500000000000313       ,    -7.9218698033956747E-007
   55.600000000000314       ,    -7.8848420885512364E-007
   55.700000000000315       ,    -7.8480516660561658E-007
   55.800000000000317       ,    -7.8114966039443938E-007
   55.900000000000318       ,    -7.7751749893167993E-007
   56.000000000000313       ,    -7.7390849281201735E-007
   56.100000000000314       ,    -7.7032245449290339E-007
   56.200000000000315       ,    -7.6675919827306703E-007
   56.300000000000317       ,    -7.6321854027126884E-007
   56.400000000000318       ,    -7.5970029840535125E-007
   56.500000000000320       ,    -7.5620429237156250E-007
   56.600000000000321       ,    -7.5273034362417124E-007
   56.700000000000323       ,    -7.4927827535531257E-007
   56.800000000000324       ,    -7.4584791247513357E-007
   56.900000000000325       ,    -7.4243908159218728E-007
   57.000000000000327       ,    -7.3905161099407284E-007
   57.100000000000328       ,    -7.3568533062834952E-007
   57.200000000000330       ,    -7.3234007208368627E-007
   57.300000000000331       ,    -7.2901566857125417E-007
   57.400000000000325       ,    -7.2571195490637433E-007
   57.500000000000327       ,    -7.2242876749039387E-007
   57.600000000000328       ,    -7.1916594429280368E-007
   57.700000000000330       ,    -7.1592332483357011E-007
   57.800000000000331       ,    -7.1270075016573030E-007
   57.900000000000333       ,    -7.0949806285817355E-007
   58.000000000000334       ,    -7.0631510697866904E-007
   58.100000000000335       ,    -7.0315172807710860E-007
   58.200000000000337       ,    -7.0000777316894517E-007
   58.300000000000338       ,    -6.9688309071887667E-007
   58.400000000000340       ,    -6.9377753062471014E-007
   58.500000000000341       ,    -6.9069094420144813E-007
   58.600000000000342       ,    -6.8762318416557061E-007
   58.700000000000337       ,    -6.8457410461951604E-007
   58.800000000000338       ,    -6.8154356103636492E-007
   58.900000000000340       ,    -6.7853141024472450E-007
   59.000000000000341       ,    -6.7553751041377966E-007
   59.100000000000342       ,    -6.7256172103856073E-007
   59.200000000000344       ,    -6.6960390292538358E-007
   59.300000000000345       ,    -6.6666391817747605E-007
   59.400000000000347       ,    -6.6374163018078216E-007
   59.500000000000348       ,    -6.6083690358995063E-007
   59.600000000000350       ,    -6.5794960431448971E-007
   59.700000000000344       ,    -6.5507959950511517E-007
   59.800000000000338       ,    -6.5222675754024000E-007
   59.900000000000333       ,    -6.4939094801265760E-007
   60.000000000000327       ,    -6.4657204171637408E-007
   60.100000000000321       ,    -6.4376991063362945E-007
   60.200000000000315       ,    -6.4098442792203605E-007
   60.300000000000310       ,    -6.3821546790192415E-007
   60.400000000000304       ,    -6.3546290604381459E-007
   60.500000000000298       ,    -6.3272661895605889E-007
   60.600000000000293       ,    -6.3000648437261902E-007
   60.700000000000287       ,    -6.2730238114101634E-007
   60.800000000000281       ,    -6.2461418921041699E-007
   60.900000000000276       ,    -6.2194178961985945E-007
   61.000000000000270       ,    -6.1928506448664136E-007
   61.100000000000264       ,    -6.1664389699483294E-007
   61.200000000000259       ,    -6.1401817138394312E-007
   61.300000000000253       ,    -6.1140777293771281E-007
   61.400000000000247       ,    -6.0881258797305686E-007
   61.500000000000242       ,    -6.0623250382912770E-007
   61.600000000000236       ,    -6.0366740885652784E-007
   61.700000000000230       ,    -6.0111719240663167E-007
   61.800000000000225       ,    -5.9858174482105861E-007
   61.900000000000219       ,    -5.9606095742125535E-007
   62.000000000000213       ,    -5.9355472249822456E-007
   62.100000000000207       ,    -5.9106293330234910E-007
   62.200000000000202       ,    -5.8858548403336583E-007
   62.300000000000196       ,    -5.8612226983044104E-007
   62.400000000000190       ,    -5.8367318676238296E-007
   62.500000000000185       ,    -5.8123813181794613E-007
   62.600000000000179       ,    -5.7881700289627978E-007
   62.700000000000173       ,    -5.7640969879747054E-007
   62.800000000000168       ,    -5.7401611921320503E-007
   62.900000000000162       ,    -5.7163616471753999E-007
   63.000000000000156       ,    -5.6926973675779306E-007
   63.100000000000151       ,    -5.6691673764552293E-007
   63.200000000000145       ,    -5.6457707054763899E-007
   63.300000000000139       ,    -5.6225063947759094E-007
   63.400000000000134       ,    -5.5993734928668930E-007
   63.500000000000128       ,    -5.5763710565549962E-007
   63.600000000000122       ,    -5.5534981508536681E-007
   63.700000000000117       ,    -5.5307538489001427E-007
   63.800000000000111       ,    -5.5081372318726321E-007
   63.900000000000105       ,    -5.4856473889082637E-007
   64.000000000000099       ,    -5.4632834170222278E-007
   64.100000000000094       ,    -5.4410444210275857E-007
   64.200000000000088       ,    -5.4189295134563645E-007
   64.300000000000082       ,    -5.3969378144811610E-007
   64.400000000000077       ,    -5.3750684518380508E-007
   64.500000000000071       ,    -5.3533205607501081E-007
   64.600000000000065       ,    -5.3316932838519062E-007
   64.700000000000060       ,    -5.3101857711150185E-007
   64.800000000000054       ,    -5.2887971797741148E-007
   64.900000000000048       ,    -5.2675266742541967E-007
   65.000000000000043       ,    -5.2463734260984049E-007
   65.100000000000037       ,    -5.2253366138969053E-007
   65.200000000000031       ,    -5.2044154232164049E-007
   65.300000000000026       ,    -5.1836090465305831E-007
   65.400000000000020       ,    -5.1629166831512451E-007
   65.500000000000014       ,    -5.1423375391603164E-007
   65.600000000000009       ,    -5.1218708273426542E-007
   65.700000000000003       ,    -5.1015157671194792E-007
   65.799999999999997       ,    -5.0812715844827006E-007
   65.899999999999991       ,    -5.0611375119299659E-007
   65.999999999999986       ,    -5.0411127884003414E-007
   66.099999999999980       ,    -5.0211966592109592E-007
   66.199999999999974       ,    -5.0013883759940577E-007
   66.299999999999969       ,    -4.9816871966350323E-007
   66.399999999999963       ,    -4.9620923852109706E-007
   66.499999999999957       ,    -4.9426032119300073E-007
   66.599999999999952       ,    -4.9232189530713832E-007
   66.699999999999946       ,    -4.9039388909259580E-007
   66.799999999999940       ,    -4.8847623137377079E-007
   66.899999999999935       ,    -4.8656885156456388E-007
   66.999999999999929       ,    -4.8467167966264527E-007
   67.099999999999923       ,    -4.8278464624378090E-007
   67.199999999999918       ,    -4.8090768245623010E-007
   67.299999999999912       ,    -4.7904072001519450E-007
   67.399999999999906       ,    -4.7718369119733007E-007
   67.499999999999901       ,    -4.7533652883534011E-007
   67.599999999999895       ,    -4.7349916631258940E-007
   67.699999999999889       ,    -4.7167153755782160E-007
   67.799999999999883       ,    -4.6985357703990292E-007
   67.899999999999878       ,    -4.6804521976263308E-007
   67.999999999999872       ,    -4.6624640125962953E-007
   68.099999999999866       ,    -4.6445705758923522E-007
   68.199999999999861       ,    -4.6267712532951610E-007
   68.299999999999855       ,    -4.6090654157329102E-007
   68.399999999999849       ,    -4.5914524392322656E-007
   68.499999999999844       ,    -4.5739317048698032E-007
   68.599999999999838       ,    -4.5565025987240430E-007
   68.699999999999832       ,    -4.5391645118279074E-007
   68.799999999999827       ,    -4.5219168401217631E-007
   68.899999999999821       ,    -4.5047589844070149E-007
   68.999999999999815       ,    -4.4876903503000880E-007
   69.099999999999810       ,    -4.4707103481870000E-007
   69.199999999999804       ,    -4.4538183931783898E-007
   69.299999999999798       ,    -4.4370139050650579E-007
   69.399999999999793       ,    -4.4202963082739658E-007
   69.499999999999787       ,    -4.4036650318246777E-007
   69.599999999999781       ,    -4.3871195092864031E-007
   69.699999999999775       ,    -4.3706591787353073E-007
   69.799999999999770       ,    -4.3542834827124458E-007
   69.899999999999764       ,    -4.3379918681820656E-007
   69.999999999999758       ,    -4.3217837864903724E-007
   70.099999999999753       ,    -4.3056586933247348E-007
   70.199999999999747       ,    -4.2896160486733796E-007
   70.299999999999741       ,    -4.2736553167854061E-007
   70.399999999999736       ,    -4.2577759661313169E-007
   70.499999999999730       ,    -4.2419774693639442E-007
   70.599999999999724       ,    -4.2262593032797791E-007
   70.699999999999719       ,    -4.2106209487807682E-007
   70.799999999999713       ,    -4.1950618908363891E-007
   70.899999999999707       ,    -4.1795816184462501E-007
   70.999999999999702       ,    -4.1641796246030469E-007
   71.099999999999696       ,    -4.1488554062558889E-007
   71.199999999999690       ,    -4.1336084642740323E-007
   71.299999999999685       ,    -4.1184383034110222E-007
   71.399999999999679       ,    -4.1033444322691289E-007
   71.499999999999673       ,    -4.0883263632642307E-007
   71.599999999999667       ,    -4.0733836125910789E-007
   71.699999999999662       ,    -4.0585157001887933E-007
   71.799999999999656       ,    -4.0437221497069552E-007
   71.899999999999650       ,    -4.0290024884718037E-007
   71.999999999999645       ,    -4.0143562474529289E-007
   72.099999999999639       ,    -3.9997829612303145E-007
   72.199999999999633       ,    -3.9852821679616390E-007
   72.299999999999628       ,    -3.9708534093499758E-007
   72.399999999999622       ,    -3.9564962306118594E-007
   72.499999999999616       ,    -3.9422101804455704E-007
   72.599999999999611       ,    -3.9279948109998916E-007
   72.699999999999605       ,    -3.9138496778430779E-007
   72.799999999999599       ,    -3.8997743399321496E-007
   72.899999999999594       ,    -3.8857683595826352E-007
   72.999999999999588       ,    -3.8718313024383810E-007
   73.099999999999582       ,    -3.8579627374419654E-007
   73.199999999999577       ,    -3.8441622368051771E-007
   73.299999999999571       ,    -3.8304293759798952E-007
   73.399999999999565       ,    -3.8167637336292692E-007
   73.499999999999559       ,    -3.8031648915991837E-007
   73.599999999999554       ,    -3.7896324348900251E-007
   73.699999999999548       ,    -3.7761659516286808E-007
   73.799999999999542       ,    -3.7627650330409060E-007
   73.899999999999537       ,    -3.7494292734239181E-007
   73.999999999999531       ,    -3.7361582701192822E-007
   74.099999999999525       ,    -3.7229516234860863E-007
   74.199999999999520       ,    -3.7098089368743358E-007
   74.299999999999514       ,    -3.6967298165986891E-007
   74.399999999999508       ,    -3.6837138719124110E-007
   74.499999999999503       ,    -3.6707607149816254E-007
   74.599999999999497       ,    -3.6578699608597448E-007
   74.699999999999491       ,    -3.6450412274623061E-007
   74.799999999999486       ,    -3.6322741355418554E-007
   74.899999999999480       ,    -3.6195683086633183E-007
   74.999999999999474       ,    -3.6069233731794222E-007
   75.099999999999469       ,    -3.5943389582064271E-007
   75.199999999999463       ,    -3.5818146956001983E-007
   75.299999999999457       ,    -3.5693502199323259E-007
   75.399999999999437       ,    -3.5569451684666359E-007
   75.499999999999432       ,    -3.5445991811359356E-007
   75.599999999999426       ,    -3.5323119005188545E-007
   75.699999999999420       ,    -3.5200829718170212E-007
   75.799999999999415       ,    -3.5079120428325174E-007
   75.899999999999409       ,    -3.4957987639453843E-007
   75.999999999999403       ,    -3.4837427880915225E-007
   76.099999999999397       ,    -3.4717437707407345E-007
   76.199999999999392       ,    -3.4598013698749298E-007
   76.299999999999386       ,    -3.4479152459666788E-007
   76.399999999999380       ,    -3.4360850619578629E-007
   76.499999999999375       ,    -3.4243104832385825E-007
   76.599999999999369       ,    -3.4125911776262527E-007
   76.699999999999363       ,    -3.4009268153449410E-007
   76.799999999999358       ,    -3.3893170690048636E-007
   76.899999999999352       ,    -3.3777616135820859E-007
   76.999999999999346       ,    -3.3662601263984721E-007
   77.099999999999341       ,    -3.3548122871017703E-007
   77.199999999999335       ,    -3.3434177776458949E-007
   77.299999999999329       ,    -3.3320762822714695E-007
   77.399999999999324       ,    -3.3207874874864605E-007
   77.499999999999318       ,    -3.3095510820470926E-007
   77.599999999999312       ,    -3.2983667569388643E-007
   77.699999999999307       ,    -3.2872342053578149E-007
   77.799999999999301       ,    -3.2761531226919322E-007
   77.899999999999295       ,    -3.2651232065027495E-007
   77.999999999999289       ,    -3.2541441565071377E-007
   78.099999999999284       ,    -3.2432156745592491E-007
   78.199999999999278       ,    -3.2323374646326434E-007
   78.299999999999272       ,    -3.2215092328025750E-007
   78.399999999999267       ,    -3.2107306872284830E-007
   78.499999999999261       ,    -3.2000015381366300E-007
   78.599999999999255       ,    -3.1893214978028487E-007
   78.699999999999250       ,    -3.1786902805355911E-007
   78.799999999999244       ,    -3.1681076026590111E-007
   78.899999999999238       ,    -3.1575731824962270E-007
   78.999999999999233       ,    -3.1470867403528305E-007
   79.099999999999227       ,    -3.1366479985004718E-007
   79.199999999999221       ,    -3.1262566811605873E-007
   79.299999999999216       ,    -3.1159125144883581E-007
   79.399999999999210       ,    -3.1056152265567668E-007
   79.499999999999204       ,    -3.0953645473408143E-007
   79.599999999999199       ,    -3.0851602087018604E-007
   79.699999999999193       ,    -3.0750019443722171E-007
   79.799999999999187       ,    -3.0648894899396901E-007
   79.899999999999181       ,    -3.0548225828325199E-007
   79.999999999999176       ,    -3.0448009623042400E-007
