  0.10000000000000001       ,  -0.21197035589092061     
  0.20000000000000001       ,   -5.2859167631506616E-002
  0.29999999999999999       ,   -2.3415809253611652E-002
  0.40000000000000002       ,   -1.3121119808047759E-002
  0.50000000000000000       ,   -8.3621520380195106E-003
  0.59999999999999998       ,   -5.7808365956782855E-003
  0.69999999999999996       ,   -4.2269640094003240E-003
  0.79999999999999993       ,   -3.2202785982676707E-003
  0.89999999999999991       ,   -2.5314576011515482E-003
  0.99999999999999989       ,   -2.0397833340295018E-003
   1.0999999999999999       ,   -1.6768076164857190E-003
   1.2000000000000000       ,   -1.4013773422526432E-003
   1.3000000000000000       ,   -1.1875475284790903E-003
   1.4000000000000001       ,   -1.0183064635195041E-003
   1.5000000000000002       ,   -8.8212546895466946E-004
   1.6000000000000003       ,   -7.7096849183573308E-004
   1.7000000000000004       ,   -6.7909612103130620E-004
   1.8000000000000005       ,   -6.0232133916745731E-004
   1.9000000000000006       ,   -5.3753206765101518E-004
   2.0000000000000004       ,   -4.8237657156393715E-004
   2.1000000000000005       ,   -4.3505121276398188E-004
   2.2000000000000006       ,   -3.9415420341446769E-004
   2.3000000000000007       ,   -3.5858291258401457E-004
   2.4000000000000008       ,   -3.2746051451424741E-004
   2.5000000000000009       ,   -3.0008277787354543E-004
   2.6000000000000010       ,   -2.7587891750287751E-004
   2.7000000000000011       ,   -2.5438241819455439E-004
   2.8000000000000012       ,   -2.3520903114207544E-004
   2.9000000000000012       ,   -2.1803999745941108E-004
   3.0000000000000013       ,   -2.0260912717487997E-004
   3.1000000000000014       ,   -1.8869275397231616E-004
   3.2000000000000015       ,   -1.7610185728671478E-004
   3.3000000000000016       ,   -1.6467583371883640E-004
   3.4000000000000017       ,   -1.5427753492064478E-004
   3.5000000000000018       ,   -1.4478928620992708E-004
   3.6000000000000014       ,   -1.3610967067156660E-004
   3.7000000000000015       ,   -1.2815091519842266E-004
   3.8000000000000016       ,   -1.2083675318857888E-004
   3.9000000000000017       ,   -1.1410066718867194E-004
   4.0000000000000018       ,   -1.0788443628714804E-004
   4.1000000000000023       ,   -1.0213692938835690E-004
   4.2000000000000020       ,   -9.6813097980988594E-005
   4.3000000000000025       ,   -9.1873131625183239E-005
   4.4000000000000021       ,   -8.7281746831793653E-005
   4.5000000000000027       ,   -8.3007585817696409E-005
   4.6000000000000023       ,   -7.9022706180508997E-005
   4.7000000000000020       ,   -7.5302146134631229E-005
   4.8000000000000025       ,   -7.1823552806083034E-005
   4.9000000000000021       ,   -6.8566863361617570E-005
   5.0000000000000027       ,   -6.5514030573763285E-005
   5.1000000000000023       ,   -6.2648785894576508E-005
   5.2000000000000028       ,   -5.9956434301279869E-005
   5.3000000000000025       ,   -5.7423676144500973E-005
   5.4000000000000030       ,   -5.5038452019535772E-005
   5.5000000000000027       ,   -5.2789807328173245E-005
   5.6000000000000032       ,   -5.0667773730998035E-005
   5.7000000000000028       ,   -4.8663265129689258E-005
   5.8000000000000034       ,   -4.6767986183120600E-005
   5.9000000000000030       ,   -4.4974351663979437E-005
   6.0000000000000036       ,   -4.3275415215387343E-005
   6.1000000000000032       ,   -4.1664806278521636E-005
   6.2000000000000037       ,   -4.0136674139872753E-005
   6.3000000000000034       ,   -3.8685638196319975E-005
   6.4000000000000039       ,   -3.7306743662540231E-005
   6.5000000000000036       ,   -3.5995422052232332E-005
   6.6000000000000041       ,   -3.4747455855491509E-005
   6.7000000000000037       ,   -3.3558946912006406E-005
   6.8000000000000034       ,   -3.2426288045780212E-005
   6.9000000000000039       ,   -3.1346137583556223E-005
   7.0000000000000036       ,   -3.0315396427593453E-005
   7.1000000000000041       ,   -2.9331187395077155E-005
   7.2000000000000037       ,   -2.8390836572345066E-005
   7.3000000000000043       ,   -2.7491856463094027E-005
   7.4000000000000039       ,   -2.6631930736544178E-005
   7.5000000000000044       ,   -2.5808900404787809E-005
   7.6000000000000032       ,   -2.5020751278746246E-005
   7.7000000000000028       ,   -2.4265602569740113E-005
   7.8000000000000016       ,   -2.3541696519007706E-005
   7.9000000000000012       ,   -2.2847388950908092E-005
   8.0000000000000000       ,   -2.2181140657264092E-005
   8.0999999999999996       ,   -2.1541509530584066E-005
   8.1999999999999993       ,   -2.0927143372929104E-005
   8.2999999999999989       ,   -2.0336773315132392E-005
   8.3999999999999968       ,   -1.9769207788078502E-005
   8.4999999999999964       ,   -1.9223326993924046E-005
   8.5999999999999961       ,   -1.8698077830599160E-005
   8.6999999999999957       ,   -1.8192469227763860E-005
   8.7999999999999936       ,   -1.7705567856670226E-005
   8.8999999999999932       ,   -1.7236494180188916E-005
   8.9999999999999929       ,   -1.6784418812634018E-005
   9.0999999999999925       ,   -1.6348559162031978E-005
   9.1999999999999922       ,   -1.5928176330156250E-005
   9.2999999999999901       ,   -1.5522572248049648E-005
   9.3999999999999897       ,   -1.5131087026885494E-005
   9.4999999999999893       ,   -1.4753096505941538E-005
   9.5999999999999890       ,   -1.4388009981164890E-005
   9.6999999999999869       ,   -1.4035268099350729E-005
   9.7999999999999865       ,   -1.3694340904332042E-005
   9.8999999999999861       ,   -1.3364726022821272E-005
   9.9999999999999858       ,   -1.3045946978659395E-005
   10.099999999999985       ,   -1.2737551625232849E-005
   10.199999999999983       ,   -1.2439110686728492E-005
   10.299999999999983       ,   -1.2150216399711395E-005
   10.399999999999983       ,   -1.1870481247251705E-005
   10.499999999999982       ,   -1.1599536778498190E-005
   10.599999999999980       ,   -1.1337032507198119E-005
   10.699999999999980       ,   -1.1082634883213754E-005
   10.799999999999979       ,   -1.0836026331585845E-005
   10.899999999999979       ,   -1.0596904354143191E-005
   10.999999999999977       ,   -1.0364980689071786E-005
   11.099999999999977       ,   -1.0139980524229248E-005
   11.199999999999976       ,   -9.9216417603299573E-006
   11.299999999999976       ,   -9.7097143204397531E-006
   11.399999999999975       ,   -9.5039595024981560E-006
   11.499999999999973       ,   -9.3041493718467526E-006
   11.599999999999973       ,   -9.1100661909775080E-006
   11.699999999999973       ,   -8.9215018839304108E-006
   11.799999999999972       ,   -8.7382575329680379E-006
   11.899999999999970       ,   -8.5601429053332504E-006
   11.999999999999970       ,   -8.3869760080640761E-006
   12.099999999999969       ,   -8.2185826689905794E-006
   12.199999999999969       ,   -8.0547961421777551E-006
   12.299999999999969       ,   -7.8954567362062608E-006
   12.399999999999967       ,   -7.7404114638014603E-006
   12.499999999999966       ,   -7.5895137114281593E-006
   12.599999999999966       ,   -7.4426229275679893E-006
   12.699999999999966       ,   -7.2996043284892411E-006
   12.799999999999963       ,   -7.1603286204019789E-006
   12.899999999999963       ,   -7.0246717369698043E-006
   12.999999999999963       ,   -6.8925145912211245E-006
   13.099999999999962       ,   -6.7637428409697465E-006
   13.199999999999960       ,   -6.6382466669147260E-006
   13.299999999999960       ,   -6.5159205626474267E-006
   13.399999999999959       ,   -6.3966631358449906E-006
   13.499999999999959       ,   -6.2803769199783924E-006
   13.599999999999959       ,   -6.1669681959080078E-006
   13.699999999999957       ,   -6.0563468227812538E-006
   13.799999999999956       ,   -5.9484260776856767E-006
   13.899999999999956       ,   -5.8431225035457467E-006
   13.999999999999956       ,   -5.7403557647862424E-006
   14.099999999999953       ,   -5.6400485103142274E-006
   14.199999999999953       ,   -5.5421262434018031E-006
   14.299999999999953       ,   -5.4465171980774614E-006
   14.399999999999952       ,   -5.3531522216588189E-006
   14.499999999999952       ,   -5.2619646630830347E-006
   14.599999999999950       ,   -5.1728902667116475E-006
   14.699999999999950       ,   -5.0858670713078672E-006
   14.799999999999949       ,   -5.0008353139016074E-006
   14.899999999999949       ,   -4.9177373382761963E-006
   14.999999999999948       ,   -4.8365175078255144E-006
   15.099999999999950       ,   -4.7571221225468463E-006
   15.199999999999951       ,   -4.6794993399476851E-006
   15.299999999999951       ,   -4.6035990996585144E-006
   15.399999999999952       ,   -4.5293730515557374E-006
   15.499999999999954       ,   -4.4567744872105763E-006
   15.599999999999955       ,   -4.3857582744900175E-006
   15.699999999999955       ,   -4.3162807951468039E-006
   15.799999999999956       ,   -4.2482998852440945E-006
   15.899999999999958       ,   -4.1817747782697386E-006
   15.999999999999957       ,   -4.1166660508032272E-006
   16.099999999999959       ,   -4.0529355706060705E-006
   16.199999999999960       ,   -3.9905464470137691E-006
   16.299999999999962       ,   -3.9294629835142959E-006
   16.399999999999963       ,   -3.8696506324043041E-006
   16.499999999999961       ,   -3.8110759514206073E-006
   16.599999999999962       ,   -3.7537065622496880E-006
   16.699999999999964       ,   -3.6975111108235566E-006
   16.799999999999965       ,   -3.6424592293154813E-006
   16.899999999999967       ,   -3.5885214997529663E-006
   16.999999999999968       ,   -3.5356694191711007E-006
   17.099999999999969       ,   -3.4838753662320083E-006
   17.199999999999967       ,   -3.4331125692413959E-006
   17.299999999999969       ,   -3.3833550754959127E-006
   17.399999999999970       ,   -3.3345777218991231E-006
   17.499999999999972       ,   -3.2867561067866165E-006
   17.599999999999973       ,   -3.2398665629044128E-006
   17.699999999999974       ,   -3.1938861314872191E-006
   17.799999999999976       ,   -3.1487925373861705E-006
   17.899999999999974       ,   -3.1045641651980649E-006
   17.999999999999975       ,   -3.0611800363507564E-006
   18.099999999999977       ,   -3.0186197871012760E-006
   18.199999999999978       ,   -2.9768636474059081E-006
   18.299999999999979       ,   -2.9358924206231479E-006
   18.399999999999981       ,   -2.8956874640124983E-006
   18.499999999999979       ,   -2.8562306699940207E-006
   18.599999999999980       ,   -2.8175044481350384E-006
   18.699999999999982       ,   -2.7794917078322487E-006
   18.799999999999983       ,   -2.7421758416590290E-006
   18.899999999999984       ,   -2.7055407093489301E-006
   18.999999999999986       ,   -2.6695706223882331E-006
   19.099999999999987       ,   -2.6342503291911741E-006
   19.199999999999985       ,   -2.5995650008331092E-006
   19.299999999999986       ,   -2.5655002173180665E-006
   19.399999999999988       ,   -2.5320419543577986E-006
   19.499999999999989       ,   -2.4991765706411680E-006
   19.599999999999991       ,   -2.4668907955732310E-006
   19.699999999999992       ,   -2.4351717174643847E-006
   19.799999999999994       ,   -2.4040067721511566E-006
   19.899999999999991       ,   -2.3733837320306184E-006
   19.999999999999993       ,   -2.3432906954916360E-006
   20.099999999999994       ,   -2.3137160767267617E-006
   20.199999999999996       ,   -2.2846485959091364E-006
   20.299999999999997       ,   -2.2560772697198941E-006
   20.399999999999999       ,   -2.2279914022117248E-006
   20.500000000000000       ,   -2.2003805759954235E-006
   20.599999999999998       ,   -2.1732346437362277E-006
   20.699999999999999       ,   -2.1465437199479535E-006
   20.800000000000001       ,   -2.1202981730729713E-006
   20.900000000000002       ,   -2.0944886178369127E-006
   21.000000000000004       ,   -2.0691059078673268E-006
   21.100000000000005       ,   -2.0441411285659435E-006
   21.200000000000003       ,   -2.0195855902248535E-006
   21.300000000000004       ,   -1.9954308213770651E-006
   21.400000000000006       ,   -1.9716685623725380E-006
   21.500000000000007       ,   -1.9482907591709470E-006
   21.600000000000009       ,   -1.9252895573431510E-006
   21.700000000000010       ,   -1.9026572962731422E-006
   21.800000000000011       ,   -1.8803865035532640E-006
   21.900000000000009       ,   -1.8584698895651343E-006
   22.000000000000011       ,   -1.8369003422395338E-006
   22.100000000000012       ,   -1.8156709219885263E-006
   22.200000000000014       ,   -1.7947748568033788E-006
   22.300000000000015       ,   -1.7742055375122688E-006
   22.400000000000016       ,   -1.7539565131918631E-006
   22.500000000000018       ,   -1.7340214867270396E-006
   22.600000000000016       ,   -1.7143943105135649E-006
   22.700000000000017       ,   -1.6950689822983341E-006
   22.800000000000018       ,   -1.6760396411523641E-006
   22.900000000000020       ,   -1.6573005635716274E-006
   23.000000000000021       ,   -1.6388461597012526E-006
   23.100000000000023       ,   -1.6206709696786975E-006
   23.200000000000024       ,   -1.6027696600915422E-006
   23.300000000000022       ,   -1.5851370205459910E-006
   23.400000000000023       ,   -1.5677679603421402E-006
   23.500000000000025       ,   -1.5506575052522106E-006
   23.600000000000026       ,   -1.5338007943982308E-006
   23.700000000000028       ,   -1.5171930772256303E-006
   23.800000000000029       ,   -1.5008297105695444E-006
   23.900000000000027       ,   -1.4847061558104140E-006
   24.000000000000028       ,   -1.4688179761161195E-006
   24.100000000000030       ,   -1.4531608337673376E-006
   24.200000000000031       ,   -1.4377304875636110E-006
   24.300000000000033       ,   -1.4225227903071234E-006
   24.400000000000034       ,   -1.4075336863617513E-006
   24.500000000000036       ,   -1.3927592092847208E-006
   24.600000000000033       ,   -1.3781954795285052E-006
   24.700000000000035       ,   -1.3638387022105944E-006
   24.800000000000036       ,   -1.3496851649488729E-006
   24.900000000000038       ,   -1.3357312357604396E-006
   25.000000000000039       ,   -1.3219733610217538E-006
   25.100000000000041       ,   -1.3084080634881311E-006
   25.200000000000042       ,   -1.2950319403705688E-006
   25.300000000000040       ,   -1.2818416614681468E-006
   25.400000000000041       ,   -1.2688339673540417E-006
   25.500000000000043       ,   -1.2560056676135638E-006
   25.600000000000044       ,   -1.2433536391324460E-006
   25.700000000000045       ,   -1.2308748244337832E-006
   25.800000000000047       ,   -1.2185662300621036E-006
   25.900000000000048       ,   -1.2064249250130124E-006
   26.000000000000046       ,   -1.1944480392069927E-006
   26.100000000000048       ,   -1.1826327620059499E-006
   26.200000000000049       ,   -1.1709763407711846E-006
   26.300000000000050       ,   -1.1594760794614015E-006
   26.400000000000052       ,   -1.1481293372696183E-006
   26.500000000000053       ,   -1.1369335272976635E-006
   26.600000000000051       ,   -1.1258861152671540E-006
   26.700000000000053       ,   -1.1149846182657727E-006
   26.800000000000054       ,   -1.1042266035278110E-006
   26.900000000000055       ,   -1.0936096872478748E-006
   27.000000000000057       ,   -1.0831315334267187E-006
   27.100000000000058       ,   -1.0727898527483533E-006
   27.200000000000060       ,   -1.0625824014872686E-006
   27.300000000000058       ,   -1.0525069804450764E-006
   27.400000000000059       ,   -1.0425614339154924E-006
   27.500000000000060       ,   -1.0327436486769257E-006
   27.600000000000062       ,   -1.0230515530118393E-006
   27.700000000000063       ,   -1.0134831157520034E-006
   27.800000000000065       ,   -1.0040363453489291E-006
   27.900000000000066       ,   -9.9470928896874396E-007
   28.000000000000064       ,   -9.8550003161075981E-007
   28.100000000000065       ,   -9.7640669524899330E-007
   28.200000000000067       ,   -9.6742743799608888E-007
   28.300000000000068       ,   -9.5856045328883869E-007
   28.400000000000070       ,   -9.4980396909476191E-007
   28.500000000000071       ,   -9.4115624713912642E-007
   28.600000000000072       ,   -9.3261558215176889E-007
   28.700000000000070       ,   -9.2418030113318279E-007
   28.800000000000072       ,   -9.1584876263930420E-007
   28.900000000000073       ,   -9.0761935608448531E-007
   29.000000000000075       ,   -8.9949050106207807E-007
   29.100000000000076       ,   -8.9146064668217496E-007
   29.200000000000077       ,   -8.8352827092600008E-007
   29.300000000000075       ,   -8.7569188001648487E-007
   29.400000000000077       ,   -8.6795000780458253E-007
   29.500000000000078       ,   -8.6030121517082315E-007
   29.600000000000080       ,   -8.5274408944176522E-007
   29.700000000000081       ,   -8.4527724382084895E-007
   29.800000000000082       ,   -8.3789931683331621E-007
   29.900000000000084       ,   -8.3060897178475482E-007
   30.000000000000082       ,   -8.2340489623290685E-007
   30.100000000000083       ,   -8.1628580147239258E-007
   30.200000000000085       ,   -8.0925042203196815E-007
   30.300000000000086       ,   -8.0229751518397843E-007
   30.400000000000087       ,   -7.9542586046570860E-007
   30.500000000000089       ,   -7.8863425921222668E-007
   30.600000000000090       ,   -7.8192153410050073E-007
   30.700000000000088       ,   -7.7528652870443056E-007
   30.800000000000090       ,   -7.6872810706048815E-007
   30.900000000000091       ,   -7.6224515324374303E-007
   31.000000000000092       ,   -7.5583657095389475E-007
   31.100000000000094       ,   -7.4950128311117580E-007
   31.200000000000095       ,   -7.4323823146173292E-007
   31.300000000000097       ,   -7.3704637619230611E-007
   31.400000000000095       ,   -7.3092469555396110E-007
   31.500000000000096       ,   -7.2487218549459116E-007
   31.600000000000097       ,   -7.1888785930001443E-007
   31.700000000000099       ,   -7.1297074724338070E-007
   31.800000000000100       ,   -7.0711989624273078E-007
   31.900000000000102       ,   -7.0133436952643766E-007
   32.000000000000099       ,   -6.9561324630636826E-007
   32.100000000000101       ,   -6.8995562145855411E-007
   32.200000000000102       ,   -6.8436060521115408E-007
   32.300000000000104       ,   -6.7882732283955870E-007
   32.400000000000105       ,   -6.7335491436839635E-007
   32.500000000000107       ,   -6.6794253428036390E-007
   32.600000000000108       ,   -6.6258935123158075E-007
   32.700000000000109       ,   -6.5729454777339006E-007
   32.800000000000111       ,   -6.5205732008042117E-007
   32.900000000000112       ,   -6.4687687768473506E-007
   33.000000000000114       ,   -6.4175244321593306E-007
   33.100000000000108       ,   -6.3668325214703242E-007
   33.200000000000109       ,   -6.3166855254601806E-007
   33.300000000000111       ,   -6.2670760483287990E-007
   33.400000000000112       ,   -6.2179968154204045E-007
   33.500000000000114       ,   -6.1694406708997623E-007
   33.600000000000115       ,   -6.1214005754801567E-007
   33.700000000000117       ,   -6.0738696042004208E-007
   33.800000000000118       ,   -6.0268409442510315E-007
   33.900000000000119       ,   -5.9803078928472538E-007
   34.000000000000121       ,   -5.9342638551487099E-007
   34.100000000000122       ,   -5.8887023422239359E-007
   34.200000000000124       ,   -5.8436169690589055E-007
   34.300000000000125       ,   -5.7990014526084681E-007
   34.400000000000119       ,   -5.7548496098895587E-007
   34.500000000000121       ,   -5.7111553561154270E-007
   34.600000000000122       ,   -5.6679127028696270E-007
   34.700000000000124       ,   -5.6251157563188348E-007
   34.800000000000125       ,   -5.5827587154638204E-007
   34.900000000000126       ,   -5.5408358704272454E-007
   35.000000000000128       ,   -5.4993416007778447E-007
   35.100000000000129       ,   -5.4582703738898745E-007
   35.200000000000131       ,   -5.4176167433368570E-007
   35.300000000000132       ,   -5.3773753473191847E-007
   35.400000000000134       ,   -5.3375409071245687E-007
   35.500000000000135       ,   -5.2981082256203820E-007
   35.600000000000136       ,   -5.2590721857776440E-007
   35.700000000000138       ,   -5.2204277492253607E-007
   35.800000000000132       ,   -5.1821699548347857E-007
   35.900000000000134       ,   -5.1442939173330850E-007
   36.000000000000135       ,   -5.1067948259451140E-007
   36.100000000000136       ,   -5.0696679430634176E-007
   36.200000000000138       ,   -5.0329086029453284E-007
   36.300000000000139       ,   -4.9965122104365019E-007
   36.400000000000141       ,   -4.9604742397205900E-007
   36.500000000000142       ,   -4.9247902330942715E-007
   36.600000000000144       ,   -4.8894557997668854E-007
   36.700000000000145       ,   -4.8544666146846375E-007
   36.800000000000146       ,   -4.8198184173782095E-007
   36.900000000000148       ,   -4.7855070108333995E-007
   37.000000000000149       ,   -4.7515282603849367E-007
   37.100000000000144       ,   -4.7178780926316621E-007
   37.200000000000145       ,   -4.6845524943739561E-007
   37.300000000000146       ,   -4.6515475115718262E-007
   37.400000000000148       ,   -4.6188592483239696E-007
   37.500000000000149       ,   -4.5864838658668008E-007
   37.600000000000151       ,   -4.5544175815933217E-007
   37.700000000000152       ,   -4.5226566680913448E-007
   37.800000000000153       ,   -4.4911974522004441E-007
   37.900000000000155       ,   -4.4600363140874712E-007
   38.000000000000156       ,   -4.4291696863400539E-007
   38.100000000000158       ,   -4.3985940530778423E-007
   38.200000000000159       ,   -4.3683059490808662E-007
   38.300000000000161       ,   -4.3383019589349973E-007
   38.400000000000162       ,   -4.3085787161936197E-007
   38.500000000000156       ,   -4.2791329025557938E-007
   38.600000000000158       ,   -4.2499612470600040E-007
   38.700000000000159       ,   -4.2210605252934248E-007
   38.800000000000161       ,   -4.1924275586163275E-007
   38.900000000000162       ,   -4.1640592134013342E-007
   39.000000000000163       ,   -4.1359524002870673E-007
   39.100000000000165       ,   -4.1081040734460451E-007
   39.200000000000166       ,   -4.0805112298664250E-007
   39.300000000000168       ,   -4.0531709086472901E-007
   39.400000000000169       ,   -4.0260801903072659E-007
   39.500000000000171       ,   -3.9992361961061620E-007
   39.600000000000172       ,   -3.9726360873792617E-007
   39.700000000000173       ,   -3.9462770648841182E-007
   39.800000000000168       ,   -3.9201563681595577E-007
   39.900000000000169       ,   -3.8942712748966077E-007
   40.000000000000171       ,   -3.8686191003210996E-007
   40.100000000000172       ,   -3.8431971965878070E-007
   40.200000000000173       ,   -3.8180029521855589E-007
   40.300000000000175       ,   -3.7930337913536284E-007
   40.400000000000176       ,   -3.7682871735086421E-007
   40.500000000000178       ,   -3.7437605926820768E-007
   40.600000000000179       ,   -3.7194515769681557E-007
   40.700000000000180       ,   -3.6953576879816144E-007
   40.800000000000182       ,   -3.6714765203255821E-007
   40.900000000000183       ,   -3.6478057010689828E-007
   41.000000000000185       ,   -3.6243428892335479E-007
   41.100000000000186       ,   -3.6010857752899498E-007
   41.200000000000180       ,   -3.5780320806632112E-007
   41.300000000000182       ,   -3.5551795572469258E-007
   41.400000000000183       ,   -3.5325259869261849E-007
   41.500000000000185       ,   -3.5100691811091839E-007
   41.600000000000186       ,   -3.4878069802670607E-007
   41.700000000000188       ,   -3.4657372534820743E-007
   41.800000000000189       ,   -3.4438578980037387E-007
   41.900000000000190       ,   -3.4221668388129288E-007
   42.000000000000192       ,   -3.4006620281935857E-007
   42.100000000000193       ,   -3.3793414453121746E-007
   42.200000000000195       ,   -3.3582030958043939E-007
   42.300000000000196       ,   -3.3372450113692724E-007
   42.400000000000198       ,   -3.3164652493704113E-007
   42.500000000000192       ,   -3.2958618924440169E-007
   42.600000000000193       ,   -3.2754330481141103E-007
   42.700000000000195       ,   -3.2551768484141684E-007
   42.800000000000196       ,   -3.2350914495155028E-007
   42.900000000000198       ,   -3.2151750313620224E-007
   43.000000000000199       ,   -3.1954257973114095E-007
   43.100000000000200       ,   -3.1758419737823927E-007
   43.200000000000202       ,   -3.1564218099082082E-007
   43.300000000000203       ,   -3.1371635771959160E-007
   43.400000000000205       ,   -3.1180655691917245E-007
   43.500000000000206       ,   -3.0991261011518922E-007
   43.600000000000207       ,   -3.0803435097192996E-007
   43.700000000000209       ,   -3.0617161526056452E-007
   43.800000000000210       ,   -3.0432424082789396E-007
   43.900000000000205       ,   -3.0249206756562821E-007
   44.000000000000206       ,   -3.0067493738020129E-007
   44.100000000000207       ,   -2.9887269416307931E-007
   44.200000000000209       ,   -2.9708518376157544E-007
   44.300000000000210       ,   -2.9531225395016073E-007
   44.400000000000212       ,   -2.9355375440225573E-007
   44.500000000000213       ,   -2.9180953666248890E-007
   44.600000000000215       ,   -2.9007945411942195E-007
   44.700000000000216       ,   -2.8836336197873994E-007
   44.800000000000217       ,   -2.8666111723687343E-007
   44.900000000000219       ,   -2.8497257865506878E-007
   45.000000000000220       ,   -2.8329760673388396E-007
   45.100000000000222       ,   -2.8163606368810774E-007
   45.200000000000216       ,   -2.7998781342210046E-007
   45.300000000000217       ,   -2.7835272150552538E-007
   45.400000000000219       ,   -2.7673065514949180E-007
   45.500000000000220       ,   -2.7512148318308921E-007
   45.600000000000222       ,   -2.7352507603029632E-007
   45.700000000000223       ,   -2.7194130568728434E-007
   45.800000000000225       ,   -2.7037004570006745E-007
   45.900000000000226       ,   -2.6881117114253844E-007
   46.000000000000227       ,   -2.6726455859485021E-007
   46.100000000000229       ,   -2.6573008612214901E-007
   46.200000000000230       ,   -2.6420763325364862E-007
   46.300000000000232       ,   -2.6269708096205577E-007
   46.400000000000233       ,   -2.6119831164330495E-007
   46.500000000000234       ,   -2.5971120909664099E-007
   46.600000000000229       ,   -2.5823565850500601E-007
   46.700000000000230       ,   -2.5677154641574530E-007
   46.800000000000232       ,   -2.5531876072162648E-007
   46.900000000000233       ,   -2.5387719064214787E-007
   47.000000000000234       ,   -2.5244672670516011E-007
   47.100000000000236       ,   -2.5102726072876772E-007
   47.200000000000237       ,   -2.4961868580352592E-007
   47.300000000000239       ,   -2.4822089627490725E-007
   47.400000000000240       ,   -2.4683378772606173E-007
   47.500000000000242       ,   -2.4545725696083180E-007
   47.600000000000243       ,   -2.4409120198704249E-007
   47.700000000000244       ,   -2.4273552200005614E-007
   47.800000000000246       ,   -2.4139011736657767E-007
   47.900000000000240       ,   -2.4005488960871560E-007
   48.000000000000242       ,   -2.3872974138829137E-007
   48.100000000000243       ,   -2.3741457649139858E-007
   48.200000000000244       ,   -2.3610929981319270E-007
   48.300000000000246       ,   -2.3481381734291652E-007
   48.400000000000247       ,   -2.3352803614916930E-007
   48.500000000000249       ,   -2.3225186436538679E-007
   48.600000000000250       ,   -2.3098521117556219E-007
   48.700000000000252       ,   -2.2972798680016580E-007
   48.800000000000253       ,   -2.2848010248230328E-007
   48.900000000000254       ,   -2.2724147047406822E-007
   49.000000000000256       ,   -2.2601200402311353E-007
   49.100000000000257       ,   -2.2479161735942261E-007
   49.200000000000259       ,   -2.2358022568227984E-007
   49.300000000000253       ,   -2.2237774514744883E-007
   49.400000000000254       ,   -2.2118409285453556E-007
   49.500000000000256       ,   -2.1999918683454373E-007
   49.600000000000257       ,   -2.1882294603762339E-007
   49.700000000000259       ,   -2.1765529032099933E-007
   49.800000000000260       ,   -2.1649614043708323E-007
   49.900000000000261       ,   -2.1534541802176243E-007
   50.000000000000263       ,   -2.1420304558286934E-007
   50.100000000000264       ,   -2.1306894648881438E-007
   50.200000000000266       ,   -2.1194304495739656E-007
   50.300000000000267       ,   -2.1082526604477802E-007
   50.400000000000269       ,   -2.0971553563462067E-007
   50.500000000000270       ,   -2.0861378042738883E-007
   50.600000000000264       ,   -2.0751992792980508E-007
   50.700000000000266       ,   -2.0643390644446218E-007
   50.800000000000267       ,   -2.0535564505959508E-007
   50.900000000000269       ,   -2.0428507363899676E-007
   51.000000000000270       ,   -2.0322212281208350E-007
   51.100000000000271       ,   -2.0216672396410676E-007
   51.200000000000273       ,   -2.0111880922651099E-007
   51.300000000000274       ,   -2.0007831146742655E-007
   51.400000000000276       ,   -1.9904516428230624E-007
   51.500000000000277       ,   -1.9801930198469888E-007
   51.600000000000279       ,   -1.9700065959714786E-007
   51.700000000000280       ,   -1.9598917284223833E-007
   51.800000000000281       ,   -1.9498477813375575E-007
   51.900000000000283       ,   -1.9398741256798656E-007
   52.000000000000277       ,   -1.9299701391513515E-007
   52.100000000000279       ,   -1.9201352061086951E-007
   52.200000000000280       ,   -1.9103687174798579E-007
   52.300000000000281       ,   -1.9006700706819523E-007
   52.400000000000283       ,   -1.8910386695402492E-007
   52.500000000000284       ,   -1.8814739242083910E-007
   52.600000000000286       ,   -1.8719752510896775E-007
   52.700000000000287       ,   -1.8625420727595352E-007
   52.800000000000288       ,   -1.8531738178890682E-007
   52.900000000000290       ,   -1.8438699211696974E-007
   53.000000000000291       ,   -1.8346298232388067E-007
   53.100000000000293       ,   -1.8254529706065869E-007
   53.200000000000294       ,   -1.8163388155837184E-007
   53.300000000000288       ,   -1.8072868162102532E-007
   53.400000000000290       ,   -1.7982964361853738E-007
   53.500000000000291       ,   -1.7893671447981984E-007
   53.600000000000293       ,   -1.7804984168595231E-007
   53.700000000000294       ,   -1.7716897326345620E-007
   53.800000000000296       ,   -1.7629405777765605E-007
   53.900000000000297       ,   -1.7542504432614199E-007
   54.000000000000298       ,   -1.7456188253231375E-007
   54.100000000000300       ,   -1.7370452253902211E-007
   54.200000000000301       ,   -1.7285291500229287E-007
   54.300000000000303       ,   -1.7200701108514118E-007
   54.400000000000304       ,   -1.7116676245147242E-007
   54.500000000000306       ,   -1.7033212126005956E-007
   54.600000000000307       ,   -1.6950304015861469E-007
   54.700000000000301       ,   -1.6867947227793185E-007
   54.800000000000303       ,   -1.6786137122611740E-007
   54.900000000000304       ,   -1.6704869108289360E-007
   55.000000000000306       ,   -1.6624138639398653E-007
   55.100000000000307       ,   -1.6543941216558183E-007
   55.200000000000308       ,   -1.6464272385886695E-007
   55.300000000000310       ,   -1.6385127738463637E-007
   55.400000000000311       ,   -1.6306502909797711E-007
   55.500000000000313       ,   -1.6228393579302830E-007
   55.600000000000314       ,   -1.6150795469780100E-007
   55.700000000000315       ,   -1.6073704346907903E-007
   55.800000000000317       ,   -1.5997116018738446E-007
   55.900000000000318       ,   -1.5921026335200681E-007
   56.000000000000313       ,   -1.5845431187610858E-007
   56.100000000000314       ,   -1.5770326508188434E-007
   56.200000000000315       ,   -1.5695708269579506E-007
   56.300000000000317       ,   -1.5621572484386129E-007
   56.400000000000318       ,   -1.5547915204701862E-007
   56.500000000000320       ,   -1.5474732521653480E-007
   56.600000000000321       ,   -1.5402020564949494E-007
   56.700000000000323       ,   -1.5329775502433244E-007
   56.800000000000324       ,   -1.5257993539643398E-007
   56.900000000000325       ,   -1.5186670919379219E-007
   57.000000000000327       ,   -1.5115803921272395E-007
   57.100000000000328       ,   -1.5045388861363444E-007
   57.200000000000330       ,   -1.4975422091684872E-007
   57.300000000000331       ,   -1.4905899999848994E-007
   57.400000000000325       ,   -1.4836819008641583E-007
   57.500000000000327       ,   -1.4768175575620438E-007
   57.600000000000328       ,   -1.4699966192719767E-007
   57.700000000000330       ,   -1.4632187385859155E-007
   57.800000000000331       ,   -1.4564835714557805E-007
   57.900000000000333       ,   -1.4497907771554197E-007
   58.000000000000334       ,   -1.4431400182430036E-007
   58.100000000000335       ,   -1.4365309605239616E-007
   58.200000000000337       ,   -1.4299632730143583E-007
   58.300000000000338       ,   -1.4234366279047540E-007
   58.400000000000340       ,   -1.4169507005245854E-007
   58.500000000000341       ,   -1.4105051693068611E-007
   58.600000000000342       ,   -1.4040997157535269E-007
   58.700000000000337       ,   -1.3977340244010529E-007
   58.800000000000338       ,   -1.3914077827866151E-007
   58.900000000000340       ,   -1.3851206814146472E-007
   59.000000000000341       ,   -1.3788724137238215E-007
   59.100000000000342       ,   -1.3726626760544758E-007
   59.200000000000344       ,   -1.3664911676164138E-007
   59.300000000000345       ,   -1.3603575904571613E-007
   59.400000000000347       ,   -1.3542616494306057E-007
   59.500000000000348       ,   -1.3482030521659875E-007
   59.600000000000350       ,   -1.3421815090373863E-007
   59.700000000000344       ,   -1.3361967331334854E-007
   59.800000000000338       ,   -1.3302484402277910E-007
   59.900000000000333       ,   -1.3243363487491733E-007
   60.000000000000327       ,   -1.3184601797528256E-007
   60.100000000000321       ,   -1.3126196568915602E-007
   60.200000000000315       ,   -1.3068145063874577E-007
   60.300000000000310       ,   -1.3010444570038943E-007
   60.400000000000304       ,   -1.2953092400179014E-007
   60.500000000000298       ,   -1.2896085891928557E-007
   60.600000000000293       ,   -1.2839422407515657E-007
   60.700000000000287       ,   -1.2783099333496241E-007
   60.800000000000281       ,   -1.2727114080491231E-007
   60.900000000000276       ,   -1.2671464082926992E-007
   61.000000000000270       ,   -1.2616146798778930E-007
   61.100000000000264       ,   -1.2561159709318238E-007
   61.200000000000259       ,   -1.2506500318861656E-007
   61.300000000000253       ,   -1.2452166154524593E-007
   61.400000000000247       ,   -1.2398154765977019E-007
   61.500000000000242       ,   -1.2344463725202381E-007
   61.600000000000236       ,   -1.2291090626259735E-007
   61.700000000000230       ,   -1.2238033085048500E-007
   61.800000000000225       ,   -1.2185288739075923E-007
   61.900000000000219       ,   -1.2132855247227979E-007
   62.000000000000213       ,   -1.2080730289542533E-007
   62.100000000000207       ,   -1.2028911566985361E-007
   62.200000000000202       ,   -1.1977396801229208E-007
   62.300000000000196       ,   -1.1926183734435006E-007
   62.400000000000190       ,   -1.1875270129036036E-007
   62.500000000000185       ,   -1.1824653767524833E-007
   62.600000000000179       ,   -1.1774332452242321E-007
   62.700000000000173       ,   -1.1724304005169642E-007
   62.800000000000168       ,   -1.1674566267722764E-007
   62.900000000000162       ,   -1.1625117100548831E-007
   63.000000000000156       ,   -1.1575954383325837E-007
   63.100000000000151       ,   -1.1527076014563959E-007
   63.200000000000145       ,   -1.1478479911409795E-007
   63.300000000000139       ,   -1.1430164009452684E-007
   63.400000000000134       ,   -1.1382126262533078E-007
   63.500000000000128       ,   -1.1334364642553825E-007
   63.600000000000122       ,   -1.1286877139293261E-007
   63.700000000000117       ,   -1.1239661760220445E-007
   63.800000000000111       ,   -1.1192716530312932E-007
   63.900000000000105       ,   -1.1146039491876213E-007
   64.000000000000099       ,   -1.1099628704366089E-007
   64.100000000000094       ,   -1.1053482244212008E-007
   64.200000000000088       ,   -1.1007598204643498E-007
   64.300000000000082       ,   -1.0961974695518120E-007
   64.400000000000077       ,   -1.0916609843151588E-007
   64.500000000000071       ,   -1.0871501790149793E-007
   64.600000000000065       ,   -1.0826648695242820E-007
   64.700000000000060       ,   -1.0782048733121013E-007
   64.800000000000054       ,   -1.0737700094272883E-007
   64.900000000000048       ,   -1.0693600984824601E-007
   65.000000000000043       ,   -1.0649749626382132E-007
   65.100000000000037       ,   -1.0606144255874194E-007
   65.200000000000031       ,   -1.0562783125398002E-007
   65.300000000000026       ,   -1.0519664502065906E-007
   65.400000000000020       ,   -1.0476786667854602E-007
   65.500000000000014       ,   -1.0434147919455583E-007
   65.600000000000009       ,   -1.0391746568127380E-007
   65.700000000000003       ,   -1.0349580939549734E-007
   65.799999999999997       ,   -1.0307649373679058E-007
   65.899999999999991       ,   -1.0265950224606011E-007
   65.999999999999986       ,   -1.0224481860414404E-007
   66.099999999999980       ,   -1.0183242663041617E-007
   66.199999999999974       ,   -1.0142231028140938E-007
   66.299999999999969       ,   -1.0101445364945459E-007
   66.399999999999963       ,   -1.0060884096132989E-007
   66.499999999999957       ,   -1.0020545657693197E-007
   66.599999999999952       ,   -9.9804284987959135E-008
   66.699999999999946       ,   -9.9405310816609081E-008
   66.799999999999940       ,   -9.9008518814291427E-008
   66.899999999999935       ,   -9.8613893860355923E-008
   66.999999999999929       ,   -9.8221420960835587E-008
   67.099999999999923       ,   -9.7831085247201101E-008
   67.199999999999918       ,   -9.7442871975131847E-008
   67.299999999999912       ,   -9.7056766523299726E-008
   67.399999999999906       ,   -9.6672754392167231E-008
   67.499999999999901       ,   -9.6290821202797036E-008
   67.599999999999895       ,   -9.5910952695679134E-008
   67.699999999999889       ,   -9.5533134729565355E-008
   67.799999999999883       ,   -9.5157353280322622E-008
   67.899999999999878       ,   -9.4783594439793555E-008
   67.999999999999872       ,   -9.4411844414674047E-008
   68.099999999999866       ,   -9.4042089525402210E-008
   68.199999999999861       ,   -9.3674316205057905E-008
   68.299999999999855       ,   -9.3308510998276624E-008
   68.399999999999849       ,   -9.2944660560172720E-008
   68.499999999999844       ,   -9.2582751655278372E-008
   68.599999999999838       ,   -9.2222771156492058E-008
   68.699999999999832       ,   -9.1864706044036106E-008
   68.799999999999827       ,   -9.1508543404431788E-008
   68.899999999999821       ,   -9.1154270429479490E-008
   68.999999999999815       ,   -9.0801874415254065E-008
   69.099999999999810       ,   -9.0451342761110220E-008
   69.199999999999804       ,   -9.0102662968696512E-008
   69.299999999999798       ,   -8.9755822640984205E-008
   69.399999999999793       ,   -8.9410809481303524E-008
   69.499999999999787       ,   -8.9067611292391147E-008
   69.599999999999781       ,   -8.8726215975449901E-008
   69.699999999999775       ,   -8.8386611529214302E-008
   69.799999999999770       ,   -8.8048786049031827E-008
   69.899999999999764       ,   -8.7712727725950052E-008
   69.999999999999758       ,   -8.7378424845814496E-008
   70.099999999999753       ,   -8.7045865788378004E-008
   70.199999999999747       ,   -8.6715039026417530E-008
   70.299999999999741       ,   -8.6385933124860755E-008
   70.399999999999736       ,   -8.6058536739924110E-008
   70.499999999999730       ,   -8.5732838618256732E-008
   70.599999999999724       ,   -8.5408827596097983E-008
   70.699999999999719       ,   -8.5086492598438554E-008
   70.799999999999713       ,   -8.4765822638195382E-008
   70.899999999999707       ,   -8.4446806815392481E-008
   70.999999999999702       ,   -8.4129434316353595E-008
   71.099999999999696       ,   -8.3813694412897076E-008
   71.199999999999690       ,   -8.3499576461548329E-008
   71.299999999999685       ,   -8.3187069902751782E-008
   71.399999999999679       ,   -8.2876164260098705E-008
   71.499999999999673       ,   -8.2566849139557713E-008
   71.599999999999667       ,   -8.2259114228715624E-008
   71.699999999999662       ,   -8.1952949296027420E-008
   71.799999999999656       ,   -8.1648344190072044E-008
   71.899999999999650       ,   -8.1345288838816546E-008
   71.999999999999645       ,   -8.1043773248889731E-008
   72.099999999999639       ,   -8.0743787504859635E-008
   72.199999999999633       ,   -8.0445321768523862E-008
   72.299999999999628       ,   -8.0148366278203023E-008
   72.399999999999622       ,   -7.9852911348042584E-008
   72.499999999999616       ,   -7.9558947367323260E-008
   72.599999999999611       ,   -7.9266464799776945E-008
   72.699999999999605       ,   -7.8975454182912553E-008
   72.799999999999599       ,   -7.8685906127344585E-008
   72.899999999999594       ,   -7.8397811316132642E-008
   72.999999999999588       ,   -7.8111160504125239E-008
   73.099999999999582       ,   -7.7825944517311774E-008
   73.199999999999577       ,   -7.7542154252181941E-008
   73.299999999999571       ,   -7.7259780675087761E-008
   73.399999999999565       ,   -7.6978814821617979E-008
   73.499999999999559       ,   -7.6699247795975072E-008
   73.599999999999554       ,   -7.6421070770358965E-008
   73.699999999999548       ,   -7.6144274984357990E-008
   73.799999999999542       ,   -7.5868851744346645E-008
   73.899999999999537       ,   -7.5594792422887402E-008
   73.999999999999531       ,   -7.5322088458142141E-008
   74.099999999999525       ,   -7.5050731353284411E-008
   74.199999999999520       ,   -7.4780712675922591E-008
   74.299999999999514       ,   -7.4512024057527745E-008
   74.399999999999508       ,   -7.4244657192864929E-008
   74.499999999999503       ,   -7.3978603839432540E-008
   74.599999999999497       ,   -7.3713855816907715E-008
   74.699999999999491       ,   -7.3450405006594826E-008
   74.799999999999486       ,   -7.3188243350882500E-008
   74.899999999999480       ,   -7.2927362852705730E-008
   74.999999999999474       ,   -7.2667755575008459E-008
   75.099999999999469       ,   -7.2409413640220998E-008
   75.199999999999463       ,   -7.2152329229733479E-008
   75.299999999999457       ,   -7.1896494583379929E-008
   75.399999999999437       ,   -7.1641901998926123E-008
   75.499999999999432       ,   -7.1388543831562832E-008
   75.599999999999426       ,   -7.1136412493402907E-008
   75.699999999999420       ,   -7.0885500452984965E-008
   75.799999999999415       ,   -7.0635800234782353E-008
   75.899999999999409       ,   -7.0387304418714126E-008
   75.999999999999403       ,   -7.0140005639664534E-008
   76.099999999999397       ,   -6.9893896587005132E-008
   76.199999999999392       ,   -6.9648970004122484E-008
   76.299999999999386       ,   -6.9405218687949600E-008
   76.399999999999380       ,   -6.9162635488503232E-008
   76.499999999999375       ,   -6.8921213308424857E-008
   76.599999999999369       ,   -6.8680945102527797E-008
   76.699999999999363       ,   -6.8441823877344807E-008
   76.799999999999358       ,   -6.8203842690686536E-008
   76.899999999999352       ,   -6.7966994651197640E-008
   76.999999999999346       ,   -6.7731272917922558E-008
   77.099999999999341       ,   -6.7496670699871249E-008
   77.199999999999335       ,   -6.7263181255593800E-008
   77.299999999999329       ,   -6.7030797892754229E-008
   77.399999999999324       ,   -6.6799513967712983E-008
   77.499999999999318       ,   -6.6569322885110184E-008
   77.599999999999312       ,   -6.6340218097455078E-008
   77.699999999999307       ,   -6.6112193104717653E-008
   77.799999999999301       ,   -6.5885241453926013E-008
   77.899999999999295       ,   -6.5659356738767618E-008
   77.999999999999289       ,   -6.5434532599192734E-008
   78.099999999999284       ,   -6.5210762721022064E-008
   78.199999999999278       ,   -6.4988040835560202E-008
   78.299999999999272       ,   -6.4766360719212137E-008
   78.399999999999267       ,   -6.4545716193099481E-008
   78.499999999999261       ,   -6.4326101122687560E-008
   78.599999999999255       ,   -6.4107509417409948E-008
   78.699999999999250       ,   -6.3889935030300077E-008
   78.799999999999244       ,   -6.3673371957624440E-008
   78.899999999999238       ,   -6.3457814238520440E-008
   78.999999999999233       ,   -6.3243255954638456E-008
   79.099999999999227       ,   -6.3029691229784163E-008
   79.199999999999221       ,   -6.2817114229569066E-008
   79.299999999999216       ,   -6.2605519161059292E-008
   79.399999999999210       ,   -6.2394900272432204E-008
   79.499999999999204       ,   -6.2185251852632743E-008
   79.599999999999199       ,   -6.1976568231035550E-008
   79.699999999999193       ,   -6.1768843777109585E-008
   79.799999999999187       ,   -6.1562072900084767E-008
   79.899999999999181       ,   -6.1356250048623268E-008
   79.999999999999176       ,   -6.1151369710493305E-008
