  0.10000000000000001      ,  -0.26510283329032724     
  0.20000000000000001      ,   -6.6085294835880937E-002
  0.29999999999999999      ,   -2.9261565500636858E-002
  0.40000000000000002      ,   -1.6388395401131309E-002
  0.50000000000000000      ,   -1.0438600302635475E-002
  0.59999999999999998      ,   -7.2120767784383593E-003
  0.69999999999999996      ,   -5.2702831515727628E-003
  0.79999999999999993      ,   -4.0126143876993130E-003
  0.89999999999999991      ,   -3.1523025698775753E-003
  0.99999999999999989      ,   -2.5384031425319822E-003
   1.0999999999999999      ,   -2.0853369387853794E-003
   1.2000000000000000      ,   -1.7416563741218328E-003
   1.3000000000000000      ,   -1.4749298166995858E-003
   1.4000000000000001      ,   -1.2638948080405722E-003
   1.5000000000000002      ,   -1.0941437289193005E-003
   1.6000000000000003      ,   -9.5563504544386810E-004
   1.7000000000000004      ,   -8.4119797313827679E-004
   1.8000000000000005      ,   -7.4560200486831652E-004
   1.9000000000000006      ,   -6.6496002853340213E-004
   2.0000000000000004      ,   -5.9633506914429730E-004
   2.1000000000000005      ,   -5.3747499035406657E-004
   2.2000000000000006      ,   -4.8662970744631424E-004
   2.3000000000000007      ,   -4.4242284564637333E-004
   2.4000000000000008      ,   -4.0376007594601448E-004
   2.5000000000000009      ,   -3.6976262584839003E-004
   2.6000000000000010      ,   -3.3971836615109987E-004
   2.7000000000000011      ,   -3.1304536044751371E-004
   2.8000000000000012      ,   -2.8926437816590139E-004
   2.9000000000000012      ,   -2.6797793929592909E-004
   3.0000000000000013      ,   -2.4885417651485450E-004
   3.1000000000000014      ,   -2.3161429027417603E-004
   3.2000000000000015      ,   -2.1602271156879571E-004
   3.3000000000000016      ,   -2.0187932504062047E-004
   3.4000000000000017      ,   -1.8901327403229455E-004
   3.5000000000000018      ,   -1.7727799056867327E-004
   3.6000000000000014      ,   -1.6654718134744264E-004
   3.7000000000000015      ,   -1.5671156542137300E-004
   3.8000000000000016      ,   -1.4767620706816216E-004
   3.9000000000000017      ,   -1.3935832304582782E-004
   4.0000000000000018      ,   -1.3168547031202401E-004
   4.1000000000000023      ,   -1.2459404068394523E-004
   4.2000000000000020      ,   -1.1802800450969870E-004
   4.3000000000000025      ,   -1.1193785742790402E-004
   4.4000000000000021      ,   -1.0627973359716083E-004
   4.5000000000000027      ,   -1.0101465603445421E-004
   4.6000000000000023      ,   -9.6107900396206629E-005
   4.7000000000000020      ,   -9.1528453029767273E-005
   4.8000000000000025      ,   -8.7248547689201272E-005
   4.9000000000000021      ,   -8.3243268153744681E-005
   5.0000000000000027      ,   -7.9490206267533882E-005
   5.1000000000000023      ,   -7.5969166755936754E-005
   5.2000000000000028      ,   -7.2661911659978629E-005
   5.3000000000000025      ,   -6.9551938438172303E-005
   5.4000000000000030      ,   -6.6624286770843703E-005
   5.5000000000000027      ,   -6.3865369909720706E-005
   5.6000000000000032      ,   -6.1262827080053503E-005
   5.7000000000000028      ,   -5.8805393991098729E-005
   5.8000000000000034      ,   -5.6482788965429405E-005
   5.9000000000000030      ,   -5.4285612575483007E-005
   6.0000000000000036      ,   -5.2205258991141534E-005
   6.1000000000000032      ,   -5.0233837506027926E-005
   6.2000000000000037      ,   -4.8364102931794191E-005
   6.3000000000000034      ,   -4.6589393736237513E-005
   6.4000000000000039      ,   -4.4903576958636100E-005
   6.5000000000000036      ,   -4.3300999069125141E-005
   6.6000000000000041      ,   -4.1776442052220215E-005
   6.7000000000000037      ,   -4.0325084091043507E-005
   6.8000000000000034      ,   -3.8942464311134809E-005
   6.9000000000000039      ,   -3.7624451113154757E-005
   7.0000000000000036      ,   -3.6367213684188961E-005
   7.1000000000000041      ,   -3.5167196329294053E-005
   7.2000000000000037      ,   -3.4021095309651459E-005
   7.3000000000000043      ,   -3.2925837912315711E-005
   7.4000000000000039      ,   -3.1878563509960328E-005
   7.5000000000000044      ,   -3.0876606398003433E-005
   7.6000000000000032      ,   -2.9917480221646413E-005
   7.7000000000000028      ,   -2.8998863827275541E-005
   7.8000000000000016      ,   -2.8118588391775499E-005
   7.9000000000000012      ,   -2.7274625699986377E-005
   8.0000000000000000      ,   -2.6465077455145479E-005
   8.0999999999999996      ,   -2.5688165519957622E-005
   8.1999999999999993      ,   -2.4942222997175561E-005
   8.2999999999999989      ,   -2.4225686068471646E-005
   8.3999999999999968      ,   -2.3537086519088001E-005
   8.4999999999999964      ,   -2.2875044883442720E-005
   8.5999999999999961      ,   -2.2238264153666703E-005
   8.6999999999999957      ,   -2.1625523999059021E-005
   8.7999999999999936      ,   -2.1035675449777250E-005
   8.8999999999999932      ,   -2.0467636002812623E-005
   8.9999999999999929      ,   -1.9920385112505768E-005
   9.0999999999999925      ,   -1.9392960031599990E-005
   9.1999999999999922      ,   -1.8884451972167521E-005
   9.2999999999999901      ,   -1.8394002558717432E-005
   9.3999999999999897      ,   -1.7920800548459603E-005
   9.4999999999999893      ,   -1.7464078796070167E-005
   9.5999999999999890      ,   -1.7023111442444953E-005
   9.6999999999999869      ,   -1.6597211308829972E-005
   9.7999999999999865      ,   -1.6185727479439941E-005
   9.8999999999999861      ,   -1.5788043057214127E-005
   9.9999999999999858      ,   -1.5403573078749631E-005
   10.099999999999985      ,   -1.5031762575698485E-005
   10.199999999999983      ,   -1.4672084771045660E-005
   10.299999999999983      ,   -1.4324039399700542E-005
   10.399999999999983      ,   -1.3987151143753097E-005
   10.499999999999982      ,   -1.3660968173580042E-005
   10.599999999999980      ,   -1.3345060786735727E-005
   10.699999999999980      ,   -1.3039020137247826E-005
   10.799999999999979      ,   -1.2742457048554086E-005
   10.899999999999979      ,   -1.2455000903880468E-005
   10.999999999999977      ,   -1.2176298608370007E-005
   11.099999999999977      ,   -1.1906013617736956E-005
   11.199999999999976      ,   -1.1643825028642784E-005
   11.299999999999976      ,   -1.1389426726377508E-005
   11.399999999999975      ,   -1.1142526585778584E-005
   11.499999999999973      ,   -1.0902845721642094E-005
   11.599999999999973      ,   -1.0670117785173341E-005
   11.699999999999973      ,   -1.0444088303291147E-005
   11.799999999999972      ,   -1.0224514057845537E-005
   11.899999999999970      ,   -1.0011162502032465E-005
   11.999999999999970      ,   -9.8038112114943701E-006
   12.099999999999969      ,   -9.6022473677846444E-006
   12.199999999999969      ,   -9.4062672720455711E-006
   12.299999999999969      ,   -9.2156758869091430E-006
   12.399999999999967      ,   -9.0302864047752486E-006
   12.499999999999966      ,   -8.8499198407560588E-006
   12.599999999999966      ,   -8.6744046486987431E-006
   12.699999999999966      ,   -8.5035763588127656E-006
   12.799999999999963      ,   -8.3372772355316405E-006
   12.899999999999963      ,   -8.1753559543360889E-006
   12.999999999999963      ,   -8.0176672963550197E-006
   13.099999999999962      ,   -7.8640718596422885E-006
   13.199999999999960      ,   -7.7144357861027699E-006
   13.299999999999960      ,   -7.5686305031128147E-006
   13.399999999999959      ,   -7.4265324789434959E-006
   13.499999999999959      ,   -7.2880229911560917E-006
   13.599999999999959      ,   -7.1529879071945535E-006
   13.699999999999957      ,   -7.0213174764509369E-006
   13.799999999999956      ,   -6.8929061331280932E-006
   13.899999999999956      ,   -6.7676523092676456E-006
   13.999999999999956      ,   -6.6454582573528009E-006
   14.099999999999953      ,   -6.5262298819331175E-006
   14.199999999999953      ,   -6.4098765797548377E-006
   14.299999999999953      ,   -6.2963110879118753E-006
   14.399999999999952      ,   -6.1854493395645835E-006
   14.499999999999952      ,   -6.0772103268011665E-006
   14.599999999999950      ,   -5.9715159702429778E-006
   14.699999999999950      ,   -5.8682909950204667E-006
   14.799999999999949      ,   -5.7674628127688014E-006
   14.899999999999949      ,   -5.6689614093138701E-006
   14.999999999999948      ,   -5.5727192377396506E-006
   15.099999999999950      ,   -5.4786711165462062E-006
   15.199999999999951      ,   -5.3867541326252754E-006
   15.299999999999951      ,   -5.2969075487967615E-006
   15.399999999999952      ,   -5.2090727156644186E-006
   15.499999999999954      ,   -5.1231929875634264E-006
   15.599999999999955      ,   -5.0392136423855644E-006
   15.699999999999955      ,   -4.9570818050809657E-006
   15.799999999999956      ,   -4.8767463746458085E-006
   15.899999999999958      ,   -4.7981579544174964E-006
   15.999999999999957      ,   -4.7212687855079578E-006
   16.099999999999959      ,   -4.6460326832165729E-006
   16.199999999999960      ,   -4.5724049762714807E-006
   16.299999999999962      ,   -4.5003424487585550E-006
   16.399999999999963      ,   -4.4298032846032230E-006
   16.499999999999961      ,   -4.3607470144790862E-006
   16.599999999999962      ,   -4.2931344650238181E-006
   16.699999999999964      ,   -4.2269277102491684E-006
   16.799999999999965      ,   -4.1620900250383834E-006
   16.899999999999967      ,   -4.0985858406298972E-006
   16.999999999999968      ,   -4.0363807019918512E-006
   17.099999999999969      ,   -3.9754412269968489E-006
   17.199999999999967      ,   -3.9157350673110736E-006
   17.299999999999969      ,   -3.8572308709171678E-006
   17.399999999999970      ,   -3.7998982461933658E-006
   17.499999999999972      ,   -3.7437077274764988E-006
   17.599999999999973      ,   -3.6886307420396937E-006
   17.699999999999974      ,   -3.6346395784190489E-006
   17.799999999999976      ,   -3.5817073560276238E-006
   17.899999999999974      ,   -3.5298079959973372E-006
   17.999999999999975      ,   -3.4789161931932269E-006
   18.099999999999977      ,   -3.4290073893467504E-006
   18.199999999999978      ,   -3.3800577472577705E-006
   18.299999999999979      ,   -3.3320441260173326E-006
   18.399999999999981      ,   -3.2849440572056428E-006
   18.499999999999979      ,   -3.2387357220222590E-006
   18.599999999999980      ,   -3.1933979293069675E-006
   18.699999999999982      ,   -3.1489100944125415E-006
   18.799999999999983      ,   -3.1052522188921610E-006
   18.899999999999984      ,   -3.0624048709659477E-006
   18.999999999999986      ,   -3.0203491667330816E-006
   19.099999999999987      ,   -2.9790667520974322E-006
   19.199999999999985      ,   -2.9385397853760535E-006
   19.299999999999986      ,   -2.8987509205616251E-006
   19.399999999999988      ,   -2.8596832912110204E-006
   19.499999999999989      ,   -2.8213204949337213E-006
   19.599999999999991      ,   -2.7836465784547060E-006
   19.699999999999992      ,   -2.7466460232282968E-006
   19.799999999999994      ,   -2.7103037315793678E-006
   19.899999999999991      ,   -2.6746050133508631E-006
   19.999999999999993      ,   -2.6395355730362675E-006
   20.099999999999994      ,   -2.6050814973774416E-006
   20.199999999999996      ,   -2.5712292434087717E-006
   20.299999999999997      ,   -2.5379656269295557E-006
   20.399999999999999      ,   -2.5052778113874414E-006
   20.500000000000000      ,   -2.4731532971560681E-006
   20.599999999999998      ,   -2.4415799111917485E-006
   20.699999999999999      ,   -2.4105457970534220E-006
   20.800000000000001      ,   -2.3800394052720909E-006
   20.900000000000002      ,   -2.3500494840555589E-006
   21.000000000000004      ,   -2.3205650703155236E-006
   21.100000000000005      ,   -2.2915754810043212E-006
   21.200000000000003      ,   -2.2630703047494152E-006
   21.300000000000004      ,   -2.2350393937738953E-006
   21.400000000000006      ,   -2.2074728560922218E-006
   21.500000000000007      ,   -2.1803610479704124E-006
   21.600000000000009      ,   -2.1536945666408391E-006
   21.700000000000010      ,   -2.1274642432615989E-006
   21.800000000000011      ,   -2.1016611361115917E-006
   21.900000000000009      ,   -2.0762765240121929E-006
   22.000000000000011      ,   -2.0513018999669262E-006
   22.100000000000012      ,   -2.0267289650114129E-006
   22.200000000000014      ,   -2.0025496222651871E-006
   22.300000000000015      ,   -1.9787559711784669E-006
   22.400000000000016      ,   -1.9553403019663000E-006
   22.500000000000018      ,   -1.9322950902233676E-006
   22.600000000000016      ,   -1.9096129917128381E-006
   22.700000000000017      ,   -1.8872868373229164E-006
   22.800000000000018      ,   -1.8653096281850417E-006
   22.900000000000020      ,   -1.8436745309477610E-006
   23.000000000000021      ,   -1.8223748732009087E-006
   23.100000000000023      ,   -1.8014041390445180E-006
   23.200000000000024      ,   -1.7807559647974329E-006
   23.300000000000022      ,   -1.7604241348405900E-006
   23.400000000000023      ,   -1.7404025775901795E-006
   23.500000000000025      ,   -1.7206853615962621E-006
   23.600000000000026      ,   -1.7012666917622444E-006
   23.700000000000028      ,   -1.6821409056811881E-006
   23.800000000000029      ,   -1.6633024700847129E-006
   23.900000000000027      ,   -1.6447459774006927E-006
   24.000000000000028      ,   -1.6264661424160224E-006
   24.100000000000030      ,   -1.6084577990407286E-006
   24.200000000000031      ,   -1.5907158971700618E-006
   24.300000000000033      ,   -1.5732354996412079E-006
   24.400000000000034      ,   -1.5560117792813372E-006
   24.500000000000036      ,   -1.5390400160439834E-006
   24.600000000000033      ,   -1.5223155942307710E-006
   24.700000000000035      ,   -1.5058339997955658E-006
   24.800000000000036      ,   -1.4895908177283553E-006
   24.900000000000038      ,   -1.4735817295161593E-006
   25.000000000000039      ,   -1.4578025106784751E-006
   25.100000000000041      ,   -1.4422490283747158E-006
   25.200000000000042      ,   -1.4269172390813520E-006
   25.300000000000040      ,   -1.4118031863363778E-006
   25.400000000000041      ,   -1.3969029985490169E-006
   25.500000000000043      ,   -1.3822128868724673E-006
   25.600000000000044      ,   -1.3677291431376340E-006
   25.700000000000045      ,   -1.3534481378459317E-006
   25.800000000000047      ,   -1.3393663182192039E-006
   25.900000000000048      ,   -1.3254802063050155E-006
   26.000000000000046      ,   -1.3117863971353942E-006
   26.100000000000048      ,   -1.2982815569374979E-006
   26.200000000000049      ,   -1.2849624213944359E-006
   26.300000000000050      ,   -1.2718257939547164E-006
   26.400000000000052      ,   -1.2588685441887477E-006
   26.500000000000053      ,   -1.2460876061910050E-006
   26.600000000000051      ,   -1.2334799770263044E-006
   26.700000000000053      ,   -1.2210427152189401E-006
   26.800000000000054      ,   -1.2087729392832745E-006
   26.900000000000055      ,   -1.1966678262945039E-006
   27.000000000000057      ,   -1.1847246104984268E-006
   27.100000000000058      ,   -1.1729405819589224E-006
   27.200000000000060      ,   -1.1613130852420911E-006
   27.300000000000058      ,   -1.1498395181358363E-006
   27.400000000000059      ,   -1.1385173304038678E-006
   27.500000000000060      ,   -1.1273440225731199E-006
   27.600000000000062      ,   -1.1163171447534622E-006
   27.700000000000063      ,   -1.1054342954889015E-006
   27.800000000000065      ,   -1.0946931206391125E-006
   27.900000000000066      ,   -1.0840913122906239E-006
   28.000000000000064      ,   -1.0736266076966076E-006
   28.100000000000065      ,   -1.0632967882445101E-006
   28.200000000000067      ,   -1.0530996784506597E-006
   28.300000000000068      ,   -1.0430331449810767E-006
   28.400000000000070      ,   -1.0330950956977411E-006
   28.500000000000071      ,   -1.0232834787294885E-006
   28.600000000000072      ,   -1.0135962815669538E-006
   28.700000000000070      ,   -1.0040315301807054E-006
   28.800000000000072      ,   -9.9458728816205903E-007
   28.900000000000073      ,   -9.8526165588574028E-007
   29.000000000000075      ,   -9.7605276969396260E-007
   29.100000000000076      ,   -9.6695880110112659E-007
   29.200000000000077      ,   -9.5797795601870043E-007
   29.300000000000075      ,   -9.4910847399958737E-007
   29.400000000000077      ,   -9.4034862750151436E-007
   29.500000000000078      ,   -9.3169672116882497E-007
   29.600000000000080      ,   -9.2315109113228224E-007
   29.700000000000081      ,   -9.1471010432618733E-007
   29.800000000000082      ,   -9.0637215782254313E-007
   29.900000000000084      ,   -8.9813567818158032E-007
   30.000000000000082      ,   -8.8999912081839703E-007
   30.100000000000083      ,   -8.8196096938504441E-007
   30.200000000000085      ,   -8.7401973516783241E-007
   30.300000000000086      ,   -8.6617395649932003E-007
   30.400000000000087      ,   -8.5842219818459840E-007
   30.500000000000089      ,   -8.5076305094151204E-007
   30.600000000000090      ,   -8.4319513085441764E-007
   30.700000000000088      ,   -8.3571707884109759E-007
   30.800000000000090      ,   -8.2832756013249215E-007
   30.900000000000091      ,   -8.2102526376491110E-007
   31.000000000000092      ,   -8.1380890208434642E-007
   31.100000000000094      ,   -8.0667721026261787E-007
   31.200000000000095      ,   -7.9962894582497367E-007
   31.300000000000097      ,   -7.9266288818889745E-007
   31.400000000000095      ,   -7.8577783821379051E-007
   31.500000000000096      ,   -7.7897261776123493E-007
   31.600000000000097      ,   -7.7224606926557366E-007
   31.700000000000099      ,   -7.6559705531454911E-007
   31.800000000000100      ,   -7.5902445823969492E-007
   31.900000000000102      ,   -7.5252717971624345E-007
   32.000000000000099      ,   -7.4610414037234258E-007
   32.100000000000101      ,   -7.3975427940724534E-007
   32.200000000000102      ,   -7.3347655421834383E-007
   32.300000000000104      ,   -7.2726994003673827E-007
   32.400000000000105      ,   -7.2113342957115558E-007
   32.500000000000107      ,   -7.1506603266000920E-007
   32.600000000000108      ,   -7.0906677593136671E-007
   32.700000000000109      ,   -7.0313470247064484E-007
   32.800000000000111      ,   -6.9726887149581691E-007
   32.900000000000112      ,   -6.9146835803995694E-007
   33.000000000000114      ,   -6.8573225264091082E-007
   33.100000000000108      ,   -6.8005966103796249E-007
   33.200000000000109      ,   -6.7444970387524300E-007
   33.300000000000111      ,   -6.6890151641178058E-007
   33.400000000000112      ,   -6.6341424823801508E-007
   33.500000000000114      ,   -6.5798706299855863E-007
   33.600000000000115      ,   -6.5261913812111796E-007
   33.700000000000117      ,   -6.4730966455138906E-007
   33.800000000000118      ,   -6.4205784649378245E-007
   33.900000000000119      ,   -6.3686290115782245E-007
   34.000000000000121      ,   -6.3172405851009949E-007
   34.100000000000122      ,   -6.2664056103165206E-007
   34.200000000000124      ,   -6.2161166348057618E-007
   34.300000000000125      ,   -6.1663663265983618E-007
   34.400000000000119      ,   -6.1171474719005453E-007
   34.500000000000121      ,   -6.0684529728722765E-007
   34.600000000000122      ,   -6.0202758454520972E-007
   34.700000000000124      ,   -5.9726092172286405E-007
   34.800000000000125      ,   -5.9254463253576322E-007
   34.900000000000126      ,   -5.8787805145233827E-007
   35.000000000000128      ,   -5.8326052349435324E-007
   35.100000000000129      ,   -5.7869140404164513E-007
   35.200000000000131      ,   -5.7417005864092597E-007
   35.300000000000132      ,   -5.6969586281869498E-007
   35.400000000000134      ,   -5.6526820189804335E-007
   35.500000000000135      ,   -5.6088647081930781E-007
   35.600000000000136      ,   -5.5655007396449063E-007
   35.700000000000138      ,   -5.5225842498532680E-007
   35.800000000000132      ,   -5.4801094663494816E-007
   35.900000000000134      ,   -5.4380707060302796E-007
   36.000000000000135      ,   -5.3964623735434692E-007
   36.100000000000136      ,   -5.3552789597068808E-007
   36.200000000000138      ,   -5.3145150399599032E-007
   36.300000000000139      ,   -5.2741652728468200E-007
   36.400000000000141      ,   -5.2342243985312070E-007
   36.500000000000142      ,   -5.1946872373407402E-007
   36.600000000000144      ,   -5.1555486883416097E-007
   36.700000000000145      ,   -5.1168037279418239E-007
   36.800000000000146      ,   -5.0784474085230977E-007
   36.900000000000148      ,   -5.0404748571000827E-007
   37.000000000000149      ,   -5.0028812740069521E-007
   37.100000000000144      ,   -4.9656619316100118E-007
   37.200000000000145      ,   -4.9288121730466433E-007
   37.300000000000146      ,   -4.8923274109891099E-007
   37.400000000000148      ,   -4.8562031264331099E-007
   37.500000000000149      ,   -4.8204348675105542E-007
   37.600000000000151      ,   -4.7850182483259337E-007
   37.700000000000152      ,   -4.7499489478155710E-007
   37.800000000000153      ,   -4.7152227086295511E-007
   37.900000000000155      ,   -4.6808353360356931E-007
   38.000000000000156      ,   -4.6467826968450238E-007
   38.100000000000158      ,   -4.6130607183583415E-007
   38.200000000000159      ,   -4.5796653873333710E-007
   38.300000000000161      ,   -4.5465927489721751E-007
   38.400000000000162      ,   -4.5138389059280256E-007
   38.500000000000156      ,   -4.4814000173319060E-007
   38.600000000000158      ,   -4.4492722978376505E-007
   38.700000000000159      ,   -4.4174520166854680E-007
   38.800000000000161      ,   -4.3859354967837584E-007
   38.900000000000162      ,   -4.3547191138083837E-007
   39.000000000000163      ,   -4.3237992953192903E-007
   39.100000000000165      ,   -4.2931725198940131E-007
   39.200000000000166      ,   -4.2628353162777177E-007
   39.300000000000168      ,   -4.2327842625495302E-007
   39.400000000000169      ,   -4.2030159853044231E-007
   39.500000000000171      ,   -4.1735271588509820E-007
   39.600000000000172      ,   -4.1443145044239743E-007
   39.700000000000173      ,   -4.1153747894120538E-007
   39.800000000000168      ,   -4.0867048265998369E-007
   39.900000000000169      ,   -4.0583014734241712E-007
   40.000000000000171      ,   -4.0301616312444669E-007
   40.100000000000172      ,   -4.0022822446266061E-007
   40.200000000000173      ,   -3.9746603006400321E-007
   40.300000000000175      ,   -3.9472928281682291E-007
   40.400000000000176      ,   -3.9201768972316276E-007
   40.500000000000178      ,   -3.8933096183233137E-007
   40.600000000000179      ,   -3.8666881417568850E-007
   40.700000000000180      ,   -3.8403096570263144E-007
   40.800000000000182      ,   -3.8141713921775685E-007
   40.900000000000183      ,   -3.7882706131917487E-007
   41.000000000000185      ,   -3.7626046233795513E-007
   41.100000000000186      ,   -3.7371707627867672E-007
   41.200000000000180      ,   -3.7119664076104616E-007
   41.300000000000182      ,   -3.6869889696260522E-007
   41.400000000000183      ,   -3.6622358956243909E-007
   41.500000000000185      ,   -3.6377046668593504E-007
   41.600000000000186      ,   -3.6133927985051665E-007
   41.700000000000188      ,   -3.5892978391236513E-007
   41.800000000000189      ,   -3.5654173701408631E-007
   41.900000000000190      ,   -3.5417490053333195E-007
   42.000000000000192      ,   -3.5182903903231860E-007
   42.100000000000193      ,   -3.4950392020826002E-007
   42.200000000000195      ,   -3.4719931484467845E-007
   42.300000000000196      ,   -3.4491499676358056E-007
   42.400000000000198      ,   -3.4265074277847389E-007
   42.500000000000192      ,   -3.4040633264822171E-007
   42.600000000000193      ,   -3.3818154903170829E-007
   42.700000000000195      ,   -3.3597617744329853E-007
   42.800000000000196      ,   -3.3379000620908420E-007
   42.900000000000198      ,   -3.3162282642389031E-007
   43.000000000000199      ,   -3.2947443190903791E-007
   43.100000000000200      ,   -3.2734461917084648E-007
   43.200000000000202      ,   -3.2523318735984181E-007
   43.300000000000203      ,   -3.2313993823069287E-007
   43.400000000000205      ,   -3.2106467610282431E-007
   43.500000000000206      ,   -3.1900720782172612E-007
   43.600000000000207      ,   -3.1696734272091827E-007
   43.700000000000209      ,   -3.1494489258456380E-007
   43.800000000000210      ,   -3.1293967161075138E-007
   43.900000000000205      ,   -3.1095149637537651E-007
   44.000000000000206      ,   -3.0898018579664750E-007
   44.100000000000207      ,   -3.0702556110021523E-007
   44.200000000000209      ,   -3.0508744578486961E-007
   44.300000000000210      ,   -3.0316566558884040E-007
   44.400000000000212      ,   -3.0126004845665134E-007
   44.500000000000213      ,   -2.9937042450655129E-007
   44.600000000000215      ,   -2.9749662599847402E-007
   44.700000000000216      ,   -2.9563848730256846E-007
   44.800000000000217      ,   -2.9379584486822265E-007
   44.900000000000219      ,   -2.9196853719362789E-007
   45.000000000000220      ,   -2.9015640479585228E-007
   45.100000000000222      ,   -2.8835929018140326E-007
   45.200000000000216      ,   -2.8657703781728728E-007
   45.300000000000217      ,   -2.8480949410255074E-007
   45.400000000000219      ,   -2.8305650734029028E-007
   45.500000000000220      ,   -2.8131792771013107E-007
   45.600000000000222      ,   -2.7959360724114603E-007
   45.700000000000223      ,   -2.7788339978524300E-007
   45.800000000000225      ,   -2.7618716099097318E-007
   45.900000000000226      ,   -2.7450474827777434E-007
   46.000000000000227      ,   -2.7283602081062849E-007
   46.100000000000229      ,   -2.7118083947516081E-007
   46.200000000000230      ,   -2.6953906685310196E-007
   46.300000000000232      ,   -2.6791056719819016E-007
   46.400000000000233      ,   -2.6629520641243847E-007
   46.500000000000234      ,   -2.6469285202279645E-007
   46.600000000000229      ,   -2.6310337315819216E-007
   46.700000000000230      ,   -2.6152664052693869E-007
   46.800000000000232      ,   -2.5996252639450815E-007
   46.900000000000233      ,   -2.5841090456166177E-007
   47.000000000000234      ,   -2.5687165034293103E-007
   47.100000000000236      ,   -2.5534464054544100E-007
   47.200000000000237      ,   -2.5382975344808376E-007
   47.300000000000239      ,   -2.5232686878100229E-007
   47.400000000000240      ,   -2.5083586770542135E-007
   47.500000000000242      ,   -2.4935663279379186E-007
   47.600000000000243      ,   -2.4788904801024102E-007
   47.700000000000244      ,   -2.4643299869134838E-007
   47.800000000000246      ,   -2.4498837152721156E-007
   47.900000000000240      ,   -2.4355505454281518E-007
   48.000000000000242      ,   -2.4213293707969693E-007
   48.100000000000243      ,   -2.4072190977789350E-007
   48.200000000000244      ,   -2.3932186455817538E-007
   48.300000000000246      ,   -2.3793269460455411E-007
   48.400000000000247      ,   -2.3655429434706997E-007
   48.500000000000249      ,   -2.3518655944483882E-007
   48.600000000000250      ,   -2.3382938676936976E-007
   48.700000000000252      ,   -2.3248267438813751E-007
   48.800000000000253      ,   -2.3114632154840965E-007
   48.900000000000254      ,   -2.2982022866132310E-007
   49.000000000000256      ,   -2.2850429728620699E-007
   49.100000000000257      ,   -2.2719843011515132E-007
   49.200000000000259      ,   -2.2590253095780037E-007
   49.300000000000253      ,   -2.2461650472639458E-007
   49.400000000000254      ,   -2.2334025742102712E-007
   49.500000000000256      ,   -2.2207369611513601E-007
   49.600000000000257      ,   -2.2081672894121269E-007
   49.700000000000259      ,   -2.1956926507672629E-007
   49.800000000000260      ,   -2.1833121473026610E-007
   49.900000000000261      ,   -2.1710248912789195E-007
   50.000000000000263      ,   -2.1588300049968856E-007
   50.100000000000264      ,   -2.1467266206652708E-007
   50.200000000000266      ,   -2.1347138802702458E-007
   50.300000000000267      ,   -2.1227909354469617E-007
   50.400000000000269      ,   -2.1109569473530361E-007
   50.500000000000270      ,   -2.0992110865439501E-007
   50.600000000000264      ,   -2.0875525328502660E-007
   50.700000000000266      ,   -2.0759804752567009E-007
   50.800000000000267      ,   -2.0644941117829708E-007
   50.900000000000269      ,   -2.0530926493664883E-007
   51.000000000000270      ,   -2.0417753037466587E-007
   51.100000000000271      ,   -2.0305412993510746E-007
   51.200000000000273      ,   -2.0193898691831992E-007
   51.300000000000274      ,   -2.0083202547118801E-007
   51.400000000000276      ,   -1.9973317057623115E-007
   51.500000000000277      ,   -1.9864234804088126E-007
   51.600000000000279      ,   -1.9755948448690057E-007
   51.700000000000280      ,   -1.9648450733995743E-007
   51.800000000000281      ,   -1.9541734481936241E-007
   51.900000000000283      ,   -1.9435792592794746E-007
   52.000000000000277      ,   -1.9330618044209332E-007
   52.100000000000279      ,   -1.9226203890190293E-007
   52.200000000000280      ,   -1.9122543260151920E-007
   52.300000000000281      ,   -1.9019629357957800E-007
   52.400000000000283      ,   -1.8917455460980265E-007
   52.500000000000284      ,   -1.8816014919173610E-007
   52.600000000000286      ,   -1.8715301154160239E-007
   52.700000000000287      ,   -1.8615307658330045E-007
   52.800000000000288      ,   -1.8516027993953117E-007
   52.900000000000290      ,   -1.8417455792304293E-007
   53.000000000000291      ,   -1.8319584752801495E-007
   53.100000000000293      ,   -1.8222408642155085E-007
   53.200000000000294      ,   -1.8125921293530167E-007
   53.300000000000288      ,   -1.8030116605720343E-007
   53.400000000000290      ,   -1.7934988542333752E-007
   53.500000000000291      ,   -1.7840531130989977E-007
   53.600000000000293      ,   -1.7746738462528729E-007
   53.700000000000294      ,   -1.7653604690229697E-007
   53.800000000000296      ,   -1.7561124029043118E-007
   53.900000000000297      ,   -1.7469290754831518E-007
   54.000000000000298      ,   -1.7378099203621991E-007
   54.100000000000300      ,   -1.7287543770868675E-007
   54.200000000000301      ,   -1.7197618910726095E-007
   54.300000000000303      ,   -1.7108319135332021E-007
   54.400000000000304      ,   -1.7019639014101120E-007
   54.500000000000306      ,   -1.6931573173027568E-007
   54.600000000000307      ,   -1.6844116293997959E-007
   54.700000000000301      ,   -1.6757263114113557E-007
   54.800000000000303      ,   -1.6671008425021909E-007
   54.900000000000304      ,   -1.6585347072257869E-007
   55.000000000000306      ,   -1.6500273954593266E-007
   55.100000000000307      ,   -1.6415784023396131E-007
   55.200000000000308      ,   -1.6331872281998436E-007
   55.300000000000310      ,   -1.6248533785072283E-007
   55.400000000000311      ,   -1.6165763638015168E-007
   55.500000000000313      ,   -1.6083556996343277E-007
   55.600000000000314      ,   -1.6001909065093037E-007
   55.700000000000315      ,   -1.5920815098231392E-007
   55.800000000000317      ,   -1.5840270398072802E-007
   55.900000000000318      ,   -1.5760270314706098E-007
   56.000000000000313      ,   -1.5680810245427230E-007
   56.100000000000314      ,   -1.5601885634181067E-007
   56.200000000000315      ,   -1.5523491971009771E-007
   56.300000000000317      ,   -1.5445624791509150E-007
   56.400000000000318      ,   -1.5368279676292421E-007
   56.500000000000320      ,   -1.5291452250460723E-007
   56.600000000000321      ,   -1.5215138183081330E-007
   56.700000000000323      ,   -1.5139333186672127E-007
   56.800000000000324      ,   -1.5064033016693467E-007
   56.900000000000325      ,   -1.4989233471047109E-007
   57.000000000000327      ,   -1.4914930389581151E-007
   57.100000000000328      ,   -1.4841119653601689E-007
   57.200000000000330      ,   -1.4767797185391645E-007
   57.300000000000331      ,   -1.4694958947735033E-007
   57.400000000000325      ,   -1.4622600943448172E-007
   57.500000000000327      ,   -1.4550719214917027E-007
   57.600000000000328      ,   -1.4479309843640273E-007
   57.700000000000330      ,   -1.4408368949778757E-007
   57.800000000000331      ,   -1.4337892691710708E-007
   57.900000000000333      ,   -1.4267877265593114E-007
   58.000000000000334      ,   -1.4198318904928210E-007
   58.100000000000335      ,   -1.4129213880136336E-007
   58.200000000000337      ,   -1.4060558498133879E-007
   58.300000000000338      ,   -1.3992349101917247E-007
   58.400000000000340      ,   -1.3924582070151018E-007
   58.500000000000341      ,   -1.3857253816763809E-007
   58.600000000000342      ,   -1.3790360790546683E-007
   58.700000000000337      ,   -1.3723899474758639E-007
   58.800000000000338      ,   -1.3657866386736308E-007
   58.900000000000340      ,   -1.3592258077509280E-007
   59.000000000000341      ,   -1.3527071131419706E-007
   59.100000000000342      ,   -1.3462302165747695E-007
   59.200000000000344      ,   -1.3397947830340447E-007
   59.300000000000345      ,   -1.3334004807247242E-007
   59.400000000000347      ,   -1.3270469810358108E-007
   59.500000000000348      ,   -1.3207339585047997E-007
   59.600000000000350      ,   -1.3144610907824848E-007
   59.700000000000344      ,   -1.3082280585982501E-007
   59.800000000000338      ,   -1.3020345457258016E-007
   59.900000000000333      ,   -1.2958802389492807E-007
   60.000000000000327      ,   -1.2897648280299237E-007
   60.100000000000321      ,   -1.2836880056730206E-007
   60.200000000000315      ,   -1.2776494674953511E-007
   60.300000000000310      ,   -1.2716489119930499E-007
   60.400000000000304      ,   -1.2656860405098240E-007
   60.500000000000298      ,   -1.2597605572056196E-007
   60.600000000000293      ,   -1.2538721690256535E-007
   60.700000000000287      ,   -1.2480205856698417E-007
   60.800000000000281      ,   -1.2422055195626144E-007
   60.900000000000276      ,   -1.2364266858231104E-007
   61.000000000000270      ,   -1.2306838022357308E-007
   61.100000000000264      ,   -1.2249765892210830E-007
   61.200000000000259      ,   -1.2193047698072470E-007
   61.300000000000253      ,   -1.2136680696014611E-007
   61.400000000000247      ,   -1.2080662167620880E-007
   61.500000000000242      ,   -1.2024989419709879E-007
   61.600000000000236      ,   -1.1969659784062012E-007
   61.700000000000230      ,   -1.1914670617149591E-007
   61.800000000000225      ,   -1.1860019299870750E-007
   61.900000000000219      ,   -1.1805703237286252E-007
   62.000000000000213      ,   -1.1751719858359476E-007
   62.100000000000207      ,   -1.1698066615699831E-007
   62.200000000000202      ,   -1.1644740985309148E-007
   62.300000000000196      ,   -1.1591740466331467E-007
   62.400000000000190      ,   -1.1539062580805409E-007
   62.500000000000185      ,   -1.1486704873419985E-007
   62.600000000000179      ,   -1.1434664911273279E-007
   62.700000000000173      ,   -1.1382940283633870E-007
   62.800000000000168      ,   -1.1331528601705261E-007
   62.900000000000162      ,   -1.1280427498393474E-007
   63.000000000000156      ,   -1.1229634628076843E-007
   63.100000000000151      ,   -1.1179147666379353E-007
   63.200000000000145      ,   -1.1128964309945915E-007
   63.300000000000139      ,   -1.1079082276220885E-007
   63.400000000000134      ,   -1.1029499303229210E-007
   63.500000000000128      ,   -1.0980213149359863E-007
   63.600000000000122      ,   -1.0931221593152460E-007
   63.700000000000117      ,   -1.0882522433085672E-007
   63.800000000000111      ,   -1.0834113487368934E-007
   63.900000000000105      ,   -1.0785992593736130E-007
   64.000000000000099      ,   -1.0738157609241848E-007
   64.100000000000094      ,   -1.0690606410060405E-007
   64.200000000000088      ,   -1.0643336891286584E-007
   64.300000000000082      ,   -1.0596346966739351E-007
   64.400000000000077      ,   -1.0549634568767830E-007
   64.500000000000071      ,   -1.0503197648058977E-007
   64.600000000000065      ,   -1.0457034173448451E-007
   64.700000000000060      ,   -1.0411142131732977E-007
   64.800000000000054      ,   -1.0365519527485249E-007
   64.900000000000048      ,   -1.0320164382870927E-007
   65.000000000000043      ,   -1.0275074737468001E-007
   65.100000000000037      ,   -1.0230248648087598E-007
   65.200000000000031      ,   -1.0185684188598037E-007
   65.300000000000026      ,   -1.0141379449749808E-007
   65.400000000000020      ,   -1.0097332539003198E-007
   65.500000000000014      ,   -1.0053541580357765E-007
   65.600000000000009      ,   -1.0010004714183982E-007
   65.700000000000003      ,   -9.9667200970565979E-008
   65.799999999999997      ,   -9.9236859015899068E-008
   65.899999999999991      ,   -9.8809003162752318E-008
   65.999999999999986      ,   -9.8383615453200421E-008
   66.099999999999980      ,   -9.7960678084889598E-008
   66.199999999999974      ,   -9.7540173409467550E-008
   66.299999999999969      ,   -9.7122083931029272E-008
   66.399999999999963      ,   -9.6706392304582776E-008
   66.499999999999957      ,   -9.6293081334529459E-008
   66.599999999999952      ,   -9.5882133973167235E-008
   66.699999999999946      ,   -9.5473533319205318E-008
   66.799999999999940      ,   -9.5067262616299582E-008
   66.899999999999935      ,   -9.4663305251602230E-008
   66.999999999999929      ,   -9.4261644754329684E-008
   67.099999999999923      ,   -9.3862264794347513E-008
   67.199999999999918      ,   -9.3465149180767969E-008
   67.299999999999912      ,   -9.3070281860567104E-008
   67.399999999999906      ,   -9.2677646917217135E-008
   67.499999999999901      ,   -9.2287228569331890E-008
   67.599999999999895      ,   -9.1899011169328313E-008
   67.699999999999889      ,   -9.1512979202108490E-008
   67.799999999999883      ,   -9.1129117283745445E-008
   67.899999999999878      ,   -9.0747410160195441E-008
   67.999999999999872      ,   -9.0367842706016879E-008
   68.099999999999866      ,   -8.9990399923108555E-008
   68.199999999999861      ,   -8.9615066939456894E-008
   68.299999999999855      ,   -8.9241829007902501E-008
   68.399999999999849      ,   -8.8870671504918087E-008
   68.499999999999844      ,   -8.8501579929398724E-008
   68.599999999999838      ,   -8.8134539901468575E-008
   68.699999999999832      ,   -8.7769537161297942E-008
   68.799999999999827      ,   -8.7406557567937303E-008
   68.899999999999821      ,   -8.7045587098157680E-008
   68.999999999999815      ,   -8.6686611845313569E-008
   69.099999999999810      ,   -8.6329618018209723E-008
   69.199999999999804      ,   -8.5974591939983126E-008
   69.299999999999798      ,   -8.5621520046999598E-008
   69.399999999999793      ,   -8.5270388887761984E-008
   69.499999999999787      ,   -8.4921185121826902E-008
   69.599999999999781      ,   -8.4573895518736652E-008
   69.699999999999775      ,   -8.4228506956962644E-008
   69.799999999999770      ,   -8.3885006422860971E-008
   69.899999999999764      ,   -8.3543381009634948E-008
   69.999999999999758      ,   -8.3203617916315659E-008
   70.099999999999753      ,   -8.2865704446749430E-008
   70.199999999999747      ,   -8.2529628008595544E-008
   70.299999999999741      ,   -8.2195376112339707E-008
   70.399999999999736      ,   -8.1862936370312352E-008
   70.499999999999730      ,   -8.1532296495722770E-008
   70.599999999999724      ,   -8.1203444301699714E-008
   70.699999999999719      ,   -8.0876367700345009E-008
   70.799999999999713      ,   -8.0551054701795836E-008
   70.899999999999707      ,   -8.0227493413297732E-008
   70.999999999999702      ,   -7.9905672038289743E-008
   71.099999999999696      ,   -7.9585578875494035E-008
   71.199999999999690      ,   -7.9267202318021348E-008
   71.299999999999685      ,   -7.8950530852481956E-008
   71.399999999999679      ,   -7.8635553058108098E-008
   71.499999999999673      ,   -7.8322257605885457E-008
   71.599999999999667      ,   -7.8010633257693484E-008
   71.699999999999662      ,   -7.7700668865455188E-008
   71.799999999999656      ,   -7.7392353370295732E-008
   71.899999999999650      ,   -7.7085675801712084E-008
   71.999999999999645      ,   -7.6780625276747482E-008
   72.099999999999639      ,   -7.6477190999178294E-008
   72.199999999999633      ,   -7.6175362258707415E-008
   72.299999999999628      ,   -7.5875128430167307E-008
   72.399999999999622      ,   -7.5576478972732215E-008
   72.499999999999616      ,   -7.5279403429135308E-008
   72.599999999999611      ,   -7.4983891424898984E-008
   72.699999999999605      ,   -7.4689932667569146E-008
   72.799999999999599      ,   -7.4397516945958858E-008
   72.899999999999594      ,   -7.4106634129402043E-008
   72.999999999999588      ,   -7.3817274167012193E-008
   73.099999999999582      ,   -7.3529427086949437E-008
   73.199999999999577      ,   -7.3243082995696463E-008
   73.299999999999571      ,   -7.2958232077341008E-008
   73.399999999999565      ,   -7.2674864592866845E-008
   73.499999999999559      ,   -7.2392970879450105E-008
   73.599999999999554      ,   -7.2112541349766593E-008
   73.699999999999548      ,   -7.1833566491301629E-008
   73.799999999999542      ,   -7.1556036865670551E-008
   73.899999999999537      ,   -7.1279943107946189E-008
   73.999999999999531      ,   -7.1005275925990405E-008
   74.099999999999525      ,   -7.0732026099796273E-008
   74.199999999999520      ,   -7.0460184480833740E-008
   74.299999999999514      ,   -7.0189741991405473E-008
   74.399999999999508      ,   -6.9920689624006080E-008
   74.499999999999503      ,   -6.9653018440689651E-008
   74.599999999999497      ,   -6.9386719572443366E-008
   74.699999999999491      ,   -6.9121784218568328E-008
   74.799999999999486      ,   -6.8858203646065528E-008
   74.899999999999480      ,   -6.8595969189029042E-008
   74.999999999999474      ,   -6.8335072248044777E-008
   75.099999999999469      ,   -6.8075504289596456E-008
   75.199999999999463      ,   -6.7817256845474982E-008
   75.299999999999457      ,   -6.7560321512198008E-008
   75.399999999999437      ,   -6.7304689950432036E-008
   75.499999999999432      ,   -6.7050353884421741E-008
   75.599999999999426      ,   -6.6797305101425056E-008
   75.699999999999420      ,   -6.6545535451152961E-008
   75.799999999999415      ,   -6.6295036845216496E-008
   75.899999999999409      ,   -6.6045801256579092E-008
   75.999999999999403      ,   -6.5797820719013301E-008
   76.099999999999397      ,   -6.5551087326563389E-008
   76.199999999999392      ,   -6.5305593233015014E-008
   76.299999999999386      ,   -6.5061330651367644E-008
   76.399999999999380      ,   -6.4818291853315141E-008
   76.499999999999375      ,   -6.4576469168726557E-008
   76.599999999999369      ,   -6.4335854985140559E-008
   76.699999999999363      ,   -6.4096441747255992E-008
   76.799999999999358      ,   -6.3858221956433006E-008
   76.899999999999352      ,   -6.3621188170197577E-008
   76.999999999999346      ,   -6.3385333001750154E-008
   77.099999999999341      ,   -6.3150649119482221E-008
   77.199999999999335      ,   -6.2917129246493164E-008
   77.299999999999329      ,   -6.2684766160115584E-008
   77.399999999999324      ,   -6.2453552691444126E-008
   77.499999999999318      ,   -6.2223481724867925E-008
   77.599999999999312      ,   -6.1994546197610538E-008
   77.699999999999307      ,   -6.1766739099270004E-008
   77.799999999999301      ,   -6.1540053471368793E-008
   77.899999999999295      ,   -6.1314482406903289E-008
   77.999999999999289      ,   -6.1090019049901056E-008
   78.099999999999284      ,   -6.0866656594980117E-008
   78.199999999999278      ,   -6.0644388286915988E-008
   78.299999999999272      ,   -6.0423207420207521E-008
   78.399999999999267      ,   -6.0203107338653411E-008
   78.499999999999261      ,   -5.9984081434926926E-008
   78.599999999999255      ,   -5.9766123150159172E-008
   78.699999999999250      ,   -5.9549225973523608E-008
   78.799999999999244      ,   -5.9333383441827293E-008
   78.899999999999238      ,   -5.9118589139103681E-008
   78.999999999999233      ,   -5.8904836696209014E-008
   79.099999999999227      ,   -5.8692119790426617E-008
   79.199999999999221      ,   -5.8480432145070231E-008
   79.299999999999216      ,   -5.8269767529094452E-008
   79.399999999999210      ,   -5.8060119756707180E-008
   79.499999999999204      ,   -5.7851482686986245E-008
   79.599999999999199      ,   -5.7643850223501020E-008
   79.699999999999193      ,   -5.7437216313935698E-008
   79.799999999999187      ,   -5.7231574949717033E-008
   79.899999999999181      ,   -5.7026920165646120E-008
   79.999999999999176      ,   -5.6823246039534288E-008
