  0.10000000000000001      ,  -0.28499867978897958     
  0.20000000000000001      ,   -7.1049543107060104E-002
  0.29999999999999999      ,   -3.1462298003315653E-002
  0.40000000000000002      ,   -1.7622669366817653E-002
  0.50000000000000000      ,   -1.1225983939447896E-002
  0.59999999999999998      ,   -7.7569850290976740E-003
  0.69999999999999996      ,   -5.6691760818447304E-003
  0.79999999999999993      ,   -4.3168728021771574E-003
  0.89999999999999991      ,   -3.3917796589325068E-003
  0.99999999999999989      ,   -2.7316184580735464E-003
   1.0999999999999999      ,   -2.2443829319173229E-003
   1.2000000000000000      ,   -1.8747607995995117E-003
   1.3000000000000000      ,   -1.5878835708494307E-003
   1.4000000000000001      ,   -1.3608907256551794E-003
   1.5000000000000002      ,   -1.1782914717849346E-003
   1.6000000000000003      ,   -1.0292891170576642E-003
   1.7000000000000004      ,   -9.0617343671485018E-004
   1.8000000000000005      ,   -8.0332031425066331E-004
   1.9000000000000006      ,   -7.1655002058859988E-004
   2.0000000000000004      ,   -6.4270440923632573E-004
   2.1000000000000005      ,   -5.7936168149312953E-004
   2.2000000000000006      ,   -5.2463986109315211E-004
   2.3000000000000007      ,   -4.7705880448552939E-004
   2.4000000000000008      ,   -4.3544164449728248E-004
   2.5000000000000009      ,   -3.9884330078925588E-004
   2.6000000000000010      ,   -3.6649788737862888E-004
   2.7000000000000011      ,   -3.3777951973755000E-004
   2.8000000000000012      ,   -3.1217275935560286E-004
   2.9000000000000012      ,   -2.8925008116016708E-004
   3.0000000000000013      ,   -2.6865452065930344E-004
   3.1000000000000014      ,   -2.5008618432502557E-004
   3.2000000000000015      ,   -2.3329167138174092E-004
   3.3000000000000016      ,   -2.1805571097548577E-004
   3.4000000000000017      ,   -2.0419450036285311E-004
   3.5000000000000018      ,   -1.9155036024330393E-004
   3.6000000000000014      ,   -1.7998741808596832E-004
   3.7000000000000015      ,   -1.6938809976043713E-004
   3.8000000000000016      ,   -1.5965026119013864E-004
   3.9000000000000017      ,   -1.5068483013399835E-004
   4.0000000000000018      ,   -1.4241385710447282E-004
   4.1000000000000023      ,   -1.3476889636289502E-004
   4.2000000000000020      ,   -1.2768965470067286E-004
   4.3000000000000025      ,   -1.2112285862417719E-004
   4.4000000000000021      ,   -1.1502130056640996E-004
   4.5000000000000027      ,   -1.0934303255227014E-004
   4.6000000000000023      ,   -1.0405068186757272E-004
   4.7000000000000020      ,   -9.9110868114509103E-005
   4.8000000000000025      ,   -9.4493704870851267E-005
   4.9000000000000021      ,   -9.0172372228946644E-005
   5.0000000000000027      ,   -8.6122748942605402E-005
   5.1000000000000023      ,   -8.2323094885084264E-005
   5.2000000000000028      ,   -7.8753776119521986E-005
   5.3000000000000025      ,   -7.5397026182065491E-005
   5.4000000000000030      ,   -7.2236738237982061E-005
   5.5000000000000027      ,   -6.9258283639679784E-005
   5.6000000000000032      ,   -6.6448353130119044E-005
   5.7000000000000028      ,   -6.3794817525078795E-005
   5.8000000000000034      ,   -6.1286605196646983E-005
   5.9000000000000030      ,   -5.8913594086781793E-005
   6.0000000000000036      ,   -5.6666516318972334E-005
   6.1000000000000032      ,   -5.4536873759835556E-005
   6.2000000000000037      ,   -5.2516863120806567E-005
   6.3000000000000034      ,   -5.0599309390733859E-005
   6.4000000000000039      ,   -4.8777606559636947E-005
   6.5000000000000036      ,   -4.7045664737400664E-005
   6.6000000000000041      ,   -4.5397862893021311E-005
   6.7000000000000037      ,   -4.3829006543759719E-005
   6.8000000000000034      ,   -4.2334289812106115E-005
   6.9000000000000039      ,   -4.0909261344204088E-005
   7.0000000000000036      ,   -3.9549793648366932E-005
   7.1000000000000041      ,   -3.8252055468157817E-005
   7.2000000000000037      ,   -3.7012486852630222E-005
   7.3000000000000043      ,   -3.5827776627861421E-005
   7.4000000000000039      ,   -3.4694842009859687E-005
   7.5000000000000044      ,   -3.3610810130093609E-005
   7.6000000000000032      ,   -3.2573001271955815E-005
   7.7000000000000028      ,   -3.1578913640040571E-005
   7.8000000000000016      ,   -3.0626209504670144E-005
   7.9000000000000012      ,   -2.9712702582039431E-005
   8.0000000000000000      ,   -2.8836346526080687E-005
   8.0999999999999996      ,   -2.7995224421904920E-005
   8.1999999999999993      ,   -2.7187539182786278E-005
   8.2999999999999989      ,   -2.6411604763285167E-005
   8.3999999999999968      ,   -2.5665838110491004E-005
   8.4999999999999964      ,   -2.4948751783627822E-005
   8.5999999999999961      ,   -2.4258947179581838E-005
   8.6999999999999957      ,   -2.3595108308380355E-005
   8.7999999999999936      ,   -2.2955996068385385E-005
   8.8999999999999932      ,   -2.2340442976055485E-005
   8.9999999999999929      ,   -2.1747348309657694E-005
   9.0999999999999925      ,   -2.1175673630333978E-005
   9.1999999999999922      ,   -2.0624438647522328E-005
   9.2999999999999901      ,   -2.0092717398927691E-005
   9.3999999999999897      ,   -1.9579634718109702E-005
   9.4999999999999893      ,   -1.9084362965304770E-005
   9.5999999999999890      ,   -1.8606118999402035E-005
   9.6999999999999869      ,   -1.8144161371044180E-005
   9.7999999999999865      ,   -1.7697787718670586E-005
   9.8999999999999861      ,   -1.7266332350984021E-005
   9.9999999999999858      ,   -1.6849164000811030E-005
   10.099999999999985      ,   -1.6445683736672256E-005
   10.199999999999983      ,   -1.6055323019594313E-005
   10.299999999999983      ,   -1.5677541893786627E-005
   10.399999999999983      ,   -1.5311827300798108E-005
   10.499999999999982      ,   -1.4957691507662203E-005
   10.599999999999980      ,   -1.4614670640349270E-005
   10.699999999999980      ,   -1.4282323314581714E-005
   10.799999999999979      ,   -1.3960229356727914E-005
   10.899999999999979      ,   -1.3647988608102459E-005
   10.999999999999977      ,   -1.3345219806544985E-005
   11.099999999999977      ,   -1.3051559539651030E-005
   11.199999999999976      ,   -1.2766661264484731E-005
   11.299999999999976      ,   -1.2490194389015588E-005
   11.399999999999975      ,   -1.2221843410902091E-005
   11.499999999999973      ,   -1.1961307109587142E-005
   11.599999999999973      ,   -1.1708297787988824E-005
   11.699999999999973      ,   -1.1462540560355006E-005
   11.799999999999972      ,   -1.1223772683116305E-005
   11.899999999999970      ,   -1.0991742925811721E-005
   11.999999999999970      ,   -1.0766210979383222E-005
   12.099999999999969      ,   -1.0546946899338092E-005
   12.199999999999969      ,   -1.0333730581463672E-005
   12.299999999999969      ,   -1.0126351267950575E-005
   12.399999999999967      ,   -9.9246070819362996E-006
   12.499999999999966      ,   -9.7283045886272548E-006
   12.599999999999966      ,   -9.5372583812882180E-006
   12.699999999999966      ,   -9.3512906905117524E-006
   12.799999999999963      ,   -9.1702310152925248E-006
   12.899999999999963      ,   -8.9939157745350599E-006
   12.999999999999963      ,   -8.8221879777195154E-006
   13.099999999999962      ,   -8.6548969135389841E-006
   13.199999999999960      ,   -8.4918978554026044E-006
   13.299999999999960      ,   -8.3330517827752093E-006
   13.399999999999959      ,   -8.1782251173936275E-006
   13.499999999999959      ,   -8.0272894734650275E-006
   13.599999999999959      ,   -7.8801214210111891E-006
   13.699999999999957      ,   -7.7366022615796291E-006
   13.799999999999956      ,   -7.5966178155934171E-006
   13.899999999999956      ,   -7.4600582206583712E-006
   13.999999999999956      ,   -7.3268177401918100E-006
   14.099999999999953      ,   -7.1967945817773924E-006
   14.199999999999953      ,   -7.0698907246888306E-006
   14.299999999999953      ,   -6.9460117560610685E-006
   14.399999999999952      ,   -6.8250667152200216E-006
   14.499999999999952      ,   -6.7069679457132962E-006
   14.599999999999950      ,   -6.5916309546120533E-006
   14.699999999999950      ,   -6.4789742786816661E-006
   14.799999999999949      ,   -6.3689193570433147E-006
   14.899999999999949      ,   -6.2613904099711378E-006
   14.999999999999948      ,   -6.1563143234923813E-006
   15.099999999999950      ,   -6.0536205394769202E-006
   15.199999999999951      ,   -5.9532409509221340E-006
   15.299999999999951      ,   -5.8551098021561783E-006
   15.399999999999952      ,   -5.7591635936994080E-006
   15.499999999999954      ,   -5.6653409915386417E-006
   15.599999999999955      ,   -5.5735827405838919E-006
   15.699999999999955      ,   -5.4838315820901306E-006
   15.799999999999956      ,   -5.3960321748390290E-006
   15.899999999999958      ,   -5.3101310198883014E-006
   15.999999999999957      ,   -5.2260763887060682E-006
   16.099999999999959      ,   -5.1438182545189984E-006
   16.199999999999960      ,   -5.0633082267120424E-006
   16.299999999999962      ,   -4.9844994881269348E-006
   16.399999999999963      ,   -4.9073467351150587E-006
   16.499999999999961      ,   -4.8318061202085558E-006
   16.599999999999962      ,   -4.7578351972800876E-006
   16.699999999999964      ,   -4.6853928690705294E-006
   16.799999999999965      ,   -4.6144393369684049E-006
   16.899999999999967      ,   -4.5449360529325666E-006
   16.999999999999968      ,   -4.4768456734551727E-006
   17.099999999999969      ,   -4.4101320154671125E-006
   17.199999999999967      ,   -4.3447600140934314E-006
   17.299999999999969      ,   -4.2806956821716916E-006
   17.399999999999970      ,   -4.2179060714498833E-006
   17.499999999999972      ,   -4.1563592353856424E-006
   17.599999999999973      ,   -4.0960241934721864E-006
   17.699999999999974      ,   -4.0368708970202916E-006
   17.799999999999976      ,   -3.9788701963294577E-006
   17.899999999999974      ,   -3.9219938091847715E-006
   17.999999999999975      ,   -3.8662142906185910E-006
   18.099999999999977      ,   -3.8115050038808023E-006
   18.199999999999978      ,   -3.7578400925620085E-006
   18.299999999999979      ,   -3.7051944538192208E-006
   18.399999999999981      ,   -3.6535437126539442E-006
   18.499999999999979      ,   -3.6028641971966496E-006
   18.599999999999980      ,   -3.5531329149529494E-006
   18.699999999999982      ,   -3.5043275299695070E-006
   18.799999999999983      ,   -3.4564263408792874E-006
   18.899999999999984      ,   -3.4094082597882611E-006
   18.999999999999986      ,   -3.3632527919670359E-006
   19.099999999999987      ,   -3.3179400163128926E-006
   19.199999999999985      ,   -3.2734505665492248E-006
   19.299999999999986      ,   -3.2297656131311496E-006
   19.399999999999988      ,   -3.1868668458272740E-006
   19.499999999999989      ,   -3.1447364569491735E-006
   19.599999999999991      ,   -3.1033571252014435E-006
   19.699999999999992      ,   -3.0627120001264936E-006
   19.799999999999994      ,   -3.0227846871192886E-006
   19.899999999999991      ,   -2.9835592329886205E-006
   19.999999999999993      ,   -2.9450201120423553E-006
   20.099999999999994      ,   -2.9071522126753319E-006
   20.199999999999996      ,   -2.8699408244392667E-006
   20.299999999999997      ,   -2.8333716255753735E-006
   20.399999999999999      ,   -2.7974306709908885E-006
   20.500000000000000      ,   -2.7621043806617123E-006
   20.599999999999998      ,   -2.7273795284441347E-006
   20.699999999999999      ,   -2.6932432312794388E-006
   20.800000000000001      ,   -2.6596829387758871E-006
   20.900000000000002      ,   -2.6266864231529735E-006
   21.000000000000004      ,   -2.5942417695340296E-006
   21.100000000000005      ,   -2.5623373665734780E-006
   21.200000000000003      ,   -2.5309618974056709E-006
   21.300000000000004      ,   -2.5001043309029768E-006
   21.400000000000006      ,   -2.4697539132311045E-006
   21.500000000000007      ,   -2.4399001596904051E-006
   21.600000000000009      ,   -2.4105328468321963E-006
   21.700000000000010      ,   -2.3816420048395190E-006
   21.800000000000011      ,   -2.3532179101625674E-006
   21.900000000000009      ,   -2.3252510783990129E-006
   22.000000000000011      ,   -2.2977322574101487E-006
   22.100000000000012      ,   -2.2706524206640140E-006
   22.200000000000014      ,   -2.2440027607970918E-006
   22.300000000000015      ,   -2.2177746833863884E-006
   22.400000000000016      ,   -2.1919598009243618E-006
   22.500000000000018      ,   -2.1665499269890054E-006
   22.600000000000016      ,   -2.1415370706021872E-006
   22.700000000000017      ,   -2.1169134307692057E-006
   22.800000000000018      ,   -2.0926713911931197E-006
   22.900000000000020      ,   -2.0688035151575551E-006
   23.000000000000021      ,   -2.0453025405718701E-006
   23.100000000000023      ,   -2.0221613751728714E-006
   23.200000000000024      ,   -1.9993730918775899E-006
   23.300000000000022      ,   -1.9769309242817257E-006
   23.400000000000023      ,   -1.9548282622985522E-006
   23.500000000000025      ,   -1.9330586479334322E-006
   23.600000000000026      ,   -1.9116157711890850E-006
   23.700000000000028      ,   -1.8904934660972556E-006
   23.800000000000029      ,   -1.8696857068720724E-006
   23.900000000000027      ,   -1.8491866041812084E-006
   24.000000000000028      ,   -1.8289904015305323E-006
   24.100000000000030      ,   -1.8090914717585841E-006
   24.200000000000031      ,   -1.7894843136368505E-006
   24.300000000000033      ,   -1.7701635485725139E-006
   24.400000000000034      ,   -1.7511239174099780E-006
   24.500000000000036      ,   -1.7323602773280427E-006
   24.600000000000033      ,   -1.7138675988292006E-006
   24.700000000000035      ,   -1.6956409628183821E-006
   24.800000000000036      ,   -1.6776755577677761E-006
   24.900000000000038      ,   -1.6599666769651064E-006
   25.000000000000039      ,   -1.6425097158424921E-006
   25.100000000000041      ,   -1.6253001693832672E-006
   25.200000000000042      ,   -1.6083336296041783E-006
   25.300000000000040      ,   -1.5916057831105431E-006
   25.400000000000041      ,   -1.5751124087218905E-006
   25.500000000000043      ,   -1.5588493751658701E-006
   25.600000000000044      ,   -1.5428126388382380E-006
   25.700000000000045      ,   -1.5269982416266702E-006
   25.800000000000047      ,   -1.5114023087965430E-006
   25.900000000000048      ,   -1.4960210469364687E-006
   26.000000000000046      ,   -1.4808507419618296E-006
   26.100000000000048      ,   -1.4658877571745203E-006
   26.200000000000049      ,   -1.4511285313768865E-006
   26.300000000000050      ,   -1.4365695770384100E-006
   26.400000000000052      ,   -1.4222074785132983E-006
   26.500000000000053      ,   -1.4080388903075117E-006
   26.600000000000051      ,   -1.3940605353935459E-006
   26.700000000000053      ,   -1.3802692035716671E-006
   26.800000000000054      ,   -1.3666617498759640E-006
   26.900000000000055      ,   -1.3532350930239661E-006
   27.000000000000057      ,   -1.3399862139085025E-006
   27.100000000000058      ,   -1.3269121541303196E-006
   27.200000000000060      ,   -1.3140100145705133E-006
   27.300000000000058      ,   -1.3012769540012574E-006
   27.400000000000059      ,   -1.2887101877338853E-006
   27.500000000000060      ,   -1.2763069863030888E-006
   27.600000000000062      ,   -1.2640646741861929E-006
   27.700000000000063      ,   -1.2519806285564044E-006
   27.800000000000065      ,   -1.2400522780690977E-006
   27.900000000000066      ,   -1.2282771016800516E-006
   28.000000000000064      ,   -1.2166526274947786E-006
   28.100000000000065      ,   -1.2051764316479881E-006
   28.200000000000067      ,   -1.1938461372122519E-006
   28.300000000000068      ,   -1.1826594131351530E-006
   28.400000000000070      ,   -1.1716139732038623E-006
   28.500000000000071      ,   -1.1607075750365745E-006
   28.600000000000072      ,   -1.1499380190998446E-006
   28.700000000000070      ,   -1.1393031477511993E-006
   28.800000000000072      ,   -1.1288008443061806E-006
   28.900000000000073      ,   -1.1184290321292373E-006
   29.000000000000075      ,   -1.1081856737476438E-006
   29.100000000000076      ,   -1.0980687699879250E-006
   29.200000000000077      ,   -1.0880763591340427E-006
   29.300000000000075      ,   -1.0782065161067903E-006
   29.400000000000077      ,   -1.0684573516637257E-006
   29.500000000000078      ,   -1.0588270116191487E-006
   29.600000000000080      ,   -1.0493136760834811E-006
   29.700000000000081      ,   -1.0399155587215597E-006
   29.800000000000082      ,   -1.0306309060292648E-006
   29.900000000000084      ,   -1.0214579966280323E-006
   30.000000000000082      ,   -1.0123951405766837E-006
   30.100000000000083      ,   -1.0034406787001735E-006
   30.200000000000085      ,   -9.9459298193467569E-007
   30.300000000000086      ,   -9.8585045068870470E-007
   30.400000000000087      ,   -9.7721151421970106E-007
   30.500000000000089      ,   -9.6867463002570810E-007
   30.600000000000090      ,   -9.6023828325179494E-007
   30.700000000000088      ,   -9.5190098611064868E-007
   30.800000000000090      ,   -9.4366127731718641E-007
   30.900000000000091      ,   -9.3551772153658785E-007
   31.000000000000092      ,   -9.2746890884555338E-007
   31.100000000000094      ,   -9.1951345420631069E-007
   31.200000000000095      ,   -9.1164999695312771E-007
   31.300000000000097      ,   -9.0387720029092207E-007
   31.400000000000095      ,   -8.9619375080568332E-007
   31.500000000000096      ,   -8.8859835798640769E-007
   31.600000000000097      ,   -8.8108975375818238E-007
   31.700000000000099      ,   -8.7366669202619490E-007
   31.800000000000100      ,   -8.6632794823034957E-007
   31.900000000000102      ,   -8.5907231891018234E-007
   32.000000000000099      ,   -8.5189862127987708E-007
   32.100000000000101      ,   -8.4480569281303966E-007
   32.200000000000102      ,   -8.3779239083706176E-007
   32.300000000000104      ,   -8.3085759213672506E-007
   32.400000000000105      ,   -8.2400019256690796E-007
   32.500000000000107      ,   -8.1721910667409618E-007
   32.600000000000108      ,   -8.1051326732648701E-007
   32.700000000000109      ,   -8.0388162535248184E-007
   32.800000000000111      ,   -7.9732314918733773E-007
   32.900000000000112      ,   -7.9083682452776841E-007
   33.000000000000114      ,   -7.8442165399430873E-007
   33.100000000000108      ,   -7.7807665680123804E-007
   33.200000000000109      ,   -7.7180086843385932E-007
   33.300000000000111      ,   -7.6559334033296315E-007
   33.400000000000112      ,   -7.5945313958631731E-007
   33.500000000000114      ,   -7.5337934862694986E-007
   33.600000000000115      ,   -7.4737106493810677E-007
   33.700000000000117      ,   -7.4142740076471128E-007
   33.800000000000118      ,   -7.3554748283112659E-007
   33.900000000000119      ,   -7.2973045206512551E-007
   34.000000000000121      ,   -7.2397546332785205E-007
   34.100000000000122      ,   -7.1828168514967943E-007
   34.200000000000124      ,   -7.1264829947179581E-007
   34.300000000000125      ,   -7.0707450139336794E-007
   34.400000000000119      ,   -7.0155949892417226E-007
   34.500000000000121      ,   -6.9610251274253682E-007
   34.600000000000122      ,   -6.9070277595849551E-007
   34.700000000000124      ,   -6.8535953388198416E-007
   34.800000000000125      ,   -6.8007204379599908E-007
   34.900000000000126      ,   -6.7483957473457870E-007
   35.000000000000128      ,   -6.6966140726550163E-007
   35.100000000000129      ,   -6.6453683327757031E-007
   35.200000000000131      ,   -6.5946515577238278E-007
   35.300000000000132      ,   -6.5444568866051424E-007
   35.400000000000134      ,   -6.4947775656194122E-007
   35.500000000000135      ,   -6.4456069461066562E-007
   35.600000000000136      ,   -6.3969384826341434E-007
   35.700000000000138      ,   -6.3487657311230036E-007
   35.800000000000132      ,   -6.3010823470142472E-007
   35.900000000000134      ,   -6.2538820834720534E-007
   36.000000000000135      ,   -6.2071587896248803E-007
   36.100000000000136      ,   -6.1609064088422251E-007
   36.200000000000138      ,   -6.1151189770472469E-007
   36.300000000000139      ,   -6.0697906210635519E-007
   36.400000000000141      ,   -6.0249155569961758E-007
   36.500000000000142      ,   -5.9804880886451672E-007
   36.600000000000144      ,   -5.9365026059517068E-007
   36.700000000000145      ,   -5.8929535834756156E-007
   36.800000000000146      ,   -5.8498355789037094E-007
   36.900000000000148      ,   -5.8071432315881071E-007
   37.000000000000149      ,   -5.7648712611142210E-007
   37.100000000000144      ,   -5.7230144658970525E-007
   37.200000000000145      ,   -5.6815677218059983E-007
   37.300000000000146      ,   -5.6405259808169985E-007
   37.400000000000148      ,   -5.5998842696912945E-007
   37.500000000000149      ,   -5.5596376886806998E-007
   37.600000000000151      ,   -5.5197814102584390E-007
   37.700000000000152      ,   -5.4803106778750360E-007
   37.800000000000153      ,   -5.4412208047386523E-007
   37.900000000000155      ,   -5.4025071726195276E-007
   38.000000000000156      ,   -5.3641652306780136E-007
   38.100000000000158      ,   -5.3261904943149876E-007
   38.200000000000159      ,   -5.2885785440453291E-007
   38.300000000000161      ,   -5.2513250243929417E-007
   38.400000000000162      ,   -5.2144256428073258E-007
   38.500000000000156      ,   -5.1778761686011729E-007
   38.600000000000158      ,   -5.1416724319084124E-007
   38.700000000000159      ,   -5.1058103226623595E-007
   38.800000000000161      ,   -5.0702857895935755E-007
   38.900000000000162      ,   -5.0350948392468344E-007
   39.000000000000163      ,   -5.0002335350169231E-007
   39.100000000000165      ,   -4.9656979962029860E-007
   39.200000000000166      ,   -4.9314843970805246E-007
   39.300000000000168      ,   -4.8975889659913915E-007
   39.400000000000169      ,   -4.8640079844509162E-007
   39.500000000000171      ,   -4.8307377862717045E-007
   39.600000000000172      ,   -4.7977747567040739E-007
   39.700000000000173      ,   -4.7651153315929198E-007
   39.800000000000168      ,   -4.7327559965498690E-007
   39.900000000000169      ,   -4.7006932861414100E-007
   40.000000000000171      ,   -4.6689237830918832E-007
   40.100000000000172      ,   -4.6374441175014705E-007
   40.200000000000173      ,   -4.6062509660785643E-007
   40.300000000000175      ,   -4.5753410513865814E-007
   40.400000000000176      ,   -4.5447111411044392E-007
   40.500000000000178      ,   -4.5143580473009555E-007
   40.600000000000179      ,   -4.4842786257223632E-007
   40.700000000000180      ,   -4.4544697750930635E-007
   40.800000000000182      ,   -4.4249284364290682E-007
   40.900000000000183      ,   -4.3956515923640989E-007
   41.000000000000185      ,   -4.3666362664878443E-007
   41.100000000000186      ,   -4.3378795226964876E-007
   41.200000000000180      ,   -4.3093784645546464E-007
   41.300000000000182      ,   -4.2811302346692664E-007
   41.400000000000183      ,   -4.2531320140745441E-007
   41.500000000000185      ,   -4.2253810216280642E-007
   41.600000000000186      ,   -4.1978745134177196E-007
   41.700000000000188      ,   -4.1706097821793041E-007
   41.800000000000189      ,   -4.1435841567246145E-007
   41.900000000000190      ,   -4.1167950013795830E-007
   42.000000000000192      ,   -4.0902397154325665E-007
   42.100000000000193      ,   -4.0639157325923344E-007
   42.200000000000195      ,   -4.0378205204558388E-007
   42.300000000000196      ,   -4.0119515799851566E-007
   42.400000000000198      ,   -3.9863064449938916E-007
   42.500000000000192      ,   -3.9608826816425061E-007
   42.600000000000193      ,   -3.9356778879425027E-007
   42.700000000000195      ,   -3.9106896932693771E-007
   42.800000000000196      ,   -3.8859157578840361E-007
   42.900000000000198      ,   -3.8613537724626313E-007
   43.000000000000199      ,   -3.8370014576344564E-007
   43.100000000000200      ,   -3.8128565635280258E-007
   43.200000000000202      ,   -3.7889168693249725E-007
   43.300000000000203      ,   -3.7651801828215424E-007
   43.400000000000205      ,   -3.7416443399978766E-007
   43.500000000000206      ,   -3.7183072045945130E-007
   43.600000000000207      ,   -3.6951666676963014E-007
   43.700000000000209      ,   -3.6722206473233717E-007
   43.800000000000210      ,   -3.6494670880291774E-007
   43.900000000000205      ,   -3.6269039605052708E-007
   44.000000000000206      ,   -3.6045292611930247E-007
   44.100000000000207      ,   -3.5823410119016906E-007
   44.200000000000209      ,   -3.5603372594331805E-007
   44.300000000000210      ,   -3.5385160752130247E-007
   44.400000000000212      ,   -3.5168755549276662E-007
   44.500000000000213      ,   -3.4954138181678024E-007
   44.600000000000215      ,   -3.4741290080777826E-007
   44.700000000000216      ,   -3.4530192910108021E-007
   44.800000000000217      ,   -3.4320828561899991E-007
   44.900000000000219      ,   -3.4113179153751003E-007
   45.000000000000220      ,   -3.3907227025346413E-007
   45.100000000000222      ,   -3.3702954735237157E-007
   45.200000000000216      ,   -3.3500345057669851E-007
   45.300000000000217      ,   -3.3299380979469946E-007
   45.400000000000219      ,   -3.3100045696975939E-007
   45.500000000000220      ,   -3.2902322613024817E-007
   45.600000000000222      ,   -3.2706195333986711E-007
   45.700000000000223      ,   -3.2511647666847794E-007
   45.800000000000225      ,   -3.2318663616342500E-007
   45.900000000000226      ,   -3.2127227382130607E-007
   46.000000000000227      ,   -3.1937323356022014E-007
   46.100000000000229      ,   -3.1748936119246132E-007
   46.200000000000230      ,   -3.1562050439765745E-007
   46.300000000000232      ,   -3.1376651269634053E-007
   46.400000000000233      ,   -3.1192723742395455E-007
   46.500000000000234      ,   -3.1010253170527052E-007
   46.600000000000229      ,   -3.0829225042922386E-007
   46.700000000000230      ,   -3.0649625022415631E-007
   46.800000000000232      ,   -3.0471438943344668E-007
   46.900000000000233      ,   -3.0294652809154266E-007
   47.000000000000234      ,   -3.0119252790036703E-007
   47.100000000000236      ,   -2.9945225220610611E-007
   47.200000000000237      ,   -2.9772556597636753E-007
   47.300000000000239      ,   -2.9601233577769802E-007
   47.400000000000240      ,   -2.9431242975346182E-007
   47.500000000000242      ,   -2.9262571760205955E-007
   47.600000000000243      ,   -2.9095207055550780E-007
   47.700000000000244      ,   -2.8929136135834076E-007
   47.800000000000246      ,   -2.8764346424684998E-007
   47.900000000000240      ,   -2.8600825492865772E-007
   48.000000000000242      ,   -2.8438561056258957E-007
   48.100000000000243      ,   -2.8277540973888539E-007
   48.200000000000244      ,   -2.8117753245970673E-007
   48.300000000000246      ,   -2.7959186011994701E-007
   48.400000000000247      ,   -2.7801827548834302E-007
   48.500000000000249      ,   -2.7645666268888368E-007
   48.600000000000250      ,   -2.7490690718249433E-007
   48.700000000000252      ,   -2.7336889574902317E-007
   48.800000000000253      ,   -2.7184251646948130E-007
   48.900000000000254      ,   -2.7032765870857968E-007
   49.000000000000256      ,   -2.6882421309751735E-007
   49.100000000000257      ,   -2.6733207151704378E-007
   49.200000000000259      ,   -2.6585112708077351E-007
   49.300000000000253      ,   -2.6438127411876138E-007
   49.400000000000254      ,   -2.6292240816132253E-007
   49.500000000000256      ,   -2.6147442592310390E-007
   49.600000000000257      ,   -2.6003722528739445E-007
   49.700000000000259      ,   -2.5861070529067373E-007
   49.800000000000260      ,   -2.5719476610739125E-007
   49.900000000000261      ,   -2.5578930903498455E-007
   50.000000000000263      ,   -2.5439423647911006E-007
   50.100000000000264      ,   -2.5300945193910980E-007
   50.200000000000266      ,   -2.5163485999368228E-007
   50.300000000000267      ,   -2.5027036628678167E-007
   50.400000000000269      ,   -2.4891587751371707E-007
   50.500000000000270      ,   -2.4757130140746540E-007
   50.600000000000264      ,   -2.4623654672518041E-007
   50.700000000000266      ,   -2.4491152323492041E-007
   50.800000000000267      ,   -2.4359614170254778E-007
   50.900000000000269      ,   -2.4229031387883899E-007
   51.000000000000270      ,   -2.4099395248678971E-007
   51.100000000000271      ,   -2.3970697120908070E-007
   51.200000000000273      ,   -2.3842928467576870E-007
   51.300000000000274      ,   -2.3716080845211536E-007
   51.400000000000276      ,   -2.3590145902663044E-007
   51.500000000000277      ,   -2.3465115379926693E-007
   51.600000000000279      ,   -2.3340981106979663E-007
   51.700000000000280      ,   -2.3217735002636237E-007
   51.800000000000281      ,   -2.3095369073418384E-007
   51.900000000000283      ,   -2.2973875412443345E-007
   52.000000000000277      ,   -2.2853246198327510E-007
   52.100000000000279      ,   -2.2733473694106439E-007
   52.200000000000280      ,   -2.2614550246169798E-007
   52.300000000000281      ,   -2.2496468283211372E-007
   52.400000000000283      ,   -2.2379220315195987E-007
   52.500000000000284      ,   -2.2262798932339134E-007
   52.600000000000286      ,   -2.2147196804102565E-007
   52.700000000000287      ,   -2.2032406678203829E-007
   52.800000000000288      ,   -2.1918421379639789E-007
   52.900000000000290      ,   -2.1805233809725186E-007
   53.000000000000291      ,   -2.1692836945142537E-007
   53.100000000000293      ,   -2.1581223837008668E-007
   53.200000000000294      ,   -2.1470387609951805E-007
   53.300000000000288      ,   -2.1360321461202921E-007
   53.400000000000290      ,   -2.1251018659700087E-007
   53.500000000000291      ,   -2.1142472545205244E-007
   53.600000000000293      ,   -2.1034676527432903E-007
   53.700000000000294      ,   -2.0927624085192107E-007
   53.800000000000296      ,   -2.0821308765539308E-007
   53.900000000000297      ,   -2.0715724182944373E-007
   54.000000000000298      ,   -2.0610864018466901E-007
   54.100000000000300      ,   -2.0506722018945268E-007
   54.200000000000301      ,   -2.0403291996196098E-007
   54.300000000000303      ,   -2.0300567826225425E-007
   54.400000000000304      ,   -2.0198543448450521E-007
   54.500000000000306      ,   -2.0097212864932336E-007
   54.600000000000307      ,   -1.9996570139619395E-007
   54.700000000000301      ,   -1.9896609397600817E-007
   54.800000000000303      ,   -1.9797324824371326E-007
   54.900000000000304      ,   -1.9698710665104419E-007
   55.000000000000306      ,   -1.9600761223937314E-007
   55.100000000000307      ,   -1.9503470863264401E-007
   55.200000000000308      ,   -1.9406834003041370E-007
   55.300000000000310      ,   -1.9310845120098277E-007
   55.400000000000311      ,   -1.9215498747461823E-007
   55.500000000000313      ,   -1.9120789473687183E-007
   55.600000000000314      ,   -1.9026711942199454E-007
   55.700000000000315      ,   -1.8933260850642774E-007
   55.800000000000317      ,   -1.8840430950239433E-007
   55.900000000000318      ,   -1.8748217045156649E-007
   56.000000000000313      ,   -1.8656613991883236E-007
   56.100000000000314      ,   -1.8565616698613312E-007
   56.200000000000315      ,   -1.8475220124638725E-007
   56.300000000000317      ,   -1.8385419279750389E-007
   56.400000000000318      ,   -1.8296209223646583E-007
   56.500000000000320      ,   -1.8207585065349826E-007
   56.600000000000321      ,   -1.8119541962631253E-007
   56.700000000000323      ,   -1.8032075121443056E-007
   56.800000000000324      ,   -1.7945179795357729E-007
   56.900000000000325      ,   -1.7858851285015738E-007
   57.000000000000327      ,   -1.7773084937579776E-007
   57.100000000000328      ,   -1.7687876146196720E-007
   57.200000000000330      ,   -1.7603220349466263E-007
   57.300000000000331      ,   -1.7519113030917019E-007
   57.400000000000325      ,   -1.7435549718489255E-007
   57.500000000000327      ,   -1.7352525984024483E-007
   57.600000000000328      ,   -1.7270037442762065E-007
   57.700000000000330      ,   -1.7188079752841593E-007
   57.800000000000331      ,   -1.7106648614812943E-007
   57.900000000000333      ,   -1.7025739771151805E-007
   58.000000000000334      ,   -1.6945349005781871E-007
   58.100000000000335      ,   -1.6865472143603431E-007
   58.200000000000337      ,   -1.6786105050027901E-007
   58.300000000000338      ,   -1.6707243630518343E-007
   58.400000000000340      ,   -1.6628883830135919E-007
   58.500000000000341      ,   -1.6551021633092735E-007
   58.600000000000342      ,   -1.6473653062309585E-007
   58.700000000000337      ,   -1.6396774178980228E-007
   58.800000000000338      ,   -1.6320381082140796E-007
   58.900000000000340      ,   -1.6244469908244806E-007
   59.000000000000341      ,   -1.6169036830743958E-007
   59.100000000000342      ,   -1.6094078059673734E-007
   59.200000000000344      ,   -1.6019589841244865E-007
   59.300000000000345      ,   -1.5945568457439675E-007
   59.400000000000347      ,   -1.5872010225613729E-007
   59.500000000000348      ,   -1.5798911498102460E-007
   59.600000000000350      ,   -1.5726268661832814E-007
   59.700000000000344      ,   -1.5654078137940019E-007
   59.800000000000338      ,   -1.5582336381388802E-007
   59.900000000000333      ,   -1.5511039880599937E-007
   60.000000000000327      ,   -1.5440185157081002E-007
   60.100000000000321      ,   -1.5369768765062068E-007
   60.200000000000315      ,   -1.5299787291136138E-007
   60.300000000000310      ,   -1.5230237353903502E-007
   60.400000000000304      ,   -1.5161115603621278E-007
   60.500000000000298      ,   -1.5092418721857068E-007
   60.600000000000293      ,   -1.5024143421146520E-007
   60.700000000000287      ,   -1.4956286444655901E-007
   60.800000000000281      ,   -1.4888844565848484E-007
   60.900000000000276      ,   -1.4821814588155061E-007
   61.000000000000270      ,   -1.4755193344648543E-007
   61.100000000000264      ,   -1.4688977697723141E-007
   61.200000000000259      ,   -1.4623164538776355E-007
   61.300000000000253      ,   -1.4557750787896182E-007
   61.400000000000247      ,   -1.4492733393551528E-007
   61.500000000000242      ,   -1.4428109332286454E-007
   61.600000000000236      ,   -1.4363875608418109E-007
   61.700000000000230      ,   -1.4300029253738965E-007
   61.800000000000225      ,   -1.4236567327221915E-007
   61.900000000000219      ,   -1.4173486914729487E-007
   62.000000000000213      ,   -1.4110785128726663E-007
   62.100000000000207      ,   -1.4048459107996682E-007
   62.200000000000202      ,   -1.3986506017361004E-007
   62.300000000000196      ,   -1.3924923047402178E-007
   62.400000000000190      ,   -1.3863707414190296E-007
   62.500000000000185      ,   -1.3802856359012611E-007
   62.600000000000179      ,   -1.3742367148106945E-007
   62.700000000000173      ,   -1.3682237072397367E-007
   62.800000000000168      ,   -1.3622463447234140E-007
   62.900000000000162      ,   -1.3563043612135952E-007
   63.000000000000156      ,   -1.3503974930535798E-007
   63.100000000000151      ,   -1.3445254789529796E-007
   63.200000000000145      ,   -1.3386880599628574E-007
   63.300000000000139      ,   -1.3328849794512431E-007
   63.400000000000134      ,   -1.3271159830788925E-007
   63.500000000000128      ,   -1.3213808187753322E-007
   63.600000000000122      ,   -1.3156792367152115E-007
   63.700000000000117      ,   -1.3100109892949333E-007
   63.800000000000111      ,   -1.3043758311095575E-007
   63.900000000000105      ,   -1.2987735189299766E-007
   64.000000000000099      ,   -1.2932038116803694E-007
   64.100000000000094      ,   -1.2876664704159220E-007
   64.200000000000088      ,   -1.2821612583008018E-007
   64.300000000000082      ,   -1.2766879405863990E-007
   64.400000000000077      ,   -1.2712462845898478E-007
   64.500000000000071      ,   -1.2658360596727395E-007
   64.600000000000065      ,   -1.2604570372201618E-007
   64.700000000000060      ,   -1.2551089906199323E-007
   64.800000000000054      ,   -1.2497916952420807E-007
   64.900000000000048      ,   -1.2445049284186000E-007
   65.000000000000043      ,   -1.2392484694234138E-007
   65.100000000000037      ,   -1.2340220994525499E-007
   65.200000000000031      ,   -1.2288256016046245E-007
   65.300000000000026      ,   -1.2236587608614706E-007
   65.400000000000020      ,   -1.2185213640690300E-007
   65.500000000000014      ,   -1.2134131999184810E-007
   65.600000000000009      ,   -1.2083340589275213E-007
   65.700000000000003      ,   -1.2032837334219773E-007
   65.799999999999997      ,   -1.1982620175175100E-007
   65.899999999999991      ,   -1.1932687071015967E-007
   65.999999999999986      ,   -1.1883035998157168E-007
   66.099999999999980      ,   -1.1833664950377341E-007
   66.199999999999974      ,   -1.1784571938644558E-007
   66.299999999999969      ,   -1.1735754990944534E-007
   66.399999999999963      ,   -1.1687212152110055E-007
   66.499999999999957      ,   -1.1638941483652985E-007
   66.599999999999952      ,   -1.1590941063597869E-007
   66.699999999999946      ,   -1.1543208986317520E-007
   66.799999999999940      ,   -1.1495743362370420E-007
   66.899999999999935      ,   -1.1448542318340130E-007
   66.999999999999929      ,   -1.1401603996676197E-007
   67.099999999999923      ,   -1.1354926555537326E-007
   67.199999999999918      ,   -1.1308508168635937E-007
   67.299999999999912      ,   -1.1262347025084642E-007
   67.399999999999906      ,   -1.1216441329244384E-007
   67.499999999999901      ,   -1.1170789300574614E-007
   67.599999999999895      ,   -1.1125389173484535E-007
   67.699999999999889      ,   -1.1080239197186464E-007
   67.799999999999883      ,   -1.1035337635550928E-007
   67.899999999999878      ,   -1.0990682766962996E-007
   67.999999999999872      ,   -1.0946272884180520E-007
   68.099999999999866      ,   -1.0902106294193872E-007
   68.199999999999861      ,   -1.0858181318087161E-007
   68.299999999999855      ,   -1.0814496290901081E-007
   68.399999999999849      ,   -1.0771049561497482E-007
   68.499999999999844      ,   -1.0727839492425067E-007
   68.599999999999838      ,   -1.0684864459786662E-007
   68.699999999999832      ,   -1.0642122853108355E-007
   68.799999999999827      ,   -1.0599613075209469E-007
   68.899999999999821      ,   -1.0557333542074497E-007
   68.999999999999815      ,   -1.0515282682726180E-007
   69.099999999999810      ,   -1.0473458939100075E-007
   69.199999999999804      ,   -1.0431860765920433E-007
   69.299999999999798      ,   -1.0390486630577444E-007
   69.399999999999793      ,   -1.0349335013005984E-007
   69.499999999999787      ,   -1.0308404405565415E-007
   69.599999999999781      ,   -1.0267693312921166E-007
   69.699999999999775      ,   -1.0227200251926868E-007
   69.799999999999770      ,   -1.0186923751508546E-007
   69.899999999999764      ,   -1.0146862352549675E-007
   69.999999999999758      ,   -1.0107014607777494E-007
   70.099999999999753      ,   -1.0067379081650638E-007
   70.199999999999747      ,   -1.0027954350247913E-007
   70.299999999999741      ,   -9.9887390011584537E-008
   70.399999999999736      ,   -9.9497316333728985E-008
   70.499999999999730      ,   -9.9109308571756090E-008
   70.599999999999724      ,   -9.8723352940386099E-008
   70.699999999999719      ,   -9.8339435765159558E-008
   70.799999999999713      ,   -9.7957543481397589E-008
   70.899999999999707      ,   -9.7577662633170065E-008
   70.999999999999702      ,   -9.7199779872278502E-008
   71.099999999999696      ,   -9.6823881957245075E-008
   71.199999999999690      ,   -9.6449955752317765E-008
   71.299999999999685      ,   -9.6077988226480852E-008
   71.399999999999679      ,   -9.5707966452480853E-008
   71.499999999999673      ,   -9.5339877605857729E-008
   71.599999999999667      ,   -9.4973708963993851E-008
   71.699999999999662      ,   -9.4609447905162731E-008
   71.799999999999656      ,   -9.4247081907598172E-008
   71.899999999999650      ,   -9.3886598548567200E-008
   71.999999999999645      ,   -9.3527985503452628E-008
   72.099999999999639      ,   -9.3171230544850524E-008
   72.199999999999633      ,   -9.2816321541670981E-008
   72.299999999999628      ,   -9.2463246458251221E-008
   72.399999999999622      ,   -9.2111993353480122E-008
   72.499999999999616      ,   -9.1762550379927398E-008
   72.599999999999611      ,   -9.1414905782986048E-008
   72.699999999999605      ,   -9.1069047900020302E-008
   72.799999999999599      ,   -9.0724965159525982E-008
   72.899999999999594      ,   -9.0382646080296800E-008
   72.999999999999588      ,   -9.0042079270601273E-008
   73.099999999999582      ,   -8.9703253427366977E-008
   73.199999999999577      ,   -8.9366157335374352E-008
   73.299999999999571      ,   -8.9030779866456264E-008
   73.399999999999565      ,   -8.8697109978711963E-008
   73.499999999999559      ,   -8.8365136715721428E-008
   73.599999999999554      ,   -8.8034849205773091E-008
   73.699999999999548      ,   -8.7706236661098416E-008
   73.799999999999542      ,   -8.7379288377113749E-008
   73.899999999999537      ,   -8.7053993731670906E-008
   73.999999999999531      ,   -8.6730342184313184E-008
   74.099999999999525      ,   -8.6408323275542527E-008
   74.199999999999520      ,   -8.6087926626091714E-008
   74.299999999999514      ,   -8.5769141936205599E-008
   74.399999999999508      ,   -8.5451958984927512E-008
   74.499999999999503      ,   -8.5136367629395610E-008
   74.599999999999497      ,   -8.4822357804144560E-008
   74.699999999999491      ,   -8.4509919520414969E-008
   74.799999999999486      ,   -8.4199042865471020E-008
   74.899999999999480      ,   -8.3889718001921813E-008
   74.999999999999474      ,   -8.3581935167054038E-008
   75.099999999999469      ,   -8.3275684672166690E-008
   75.199999999999463      ,   -8.2970956901918176E-008
   75.299999999999457      ,   -8.2667742313673267E-008
   75.399999999999437      ,   -8.2366031436863706E-008
   75.499999999999432      ,   -8.2065814872349030E-008
   75.599999999999426      ,   -8.1767083291787753E-008
   75.699999999999420      ,   -8.1469827437014243E-008
   75.799999999999415      ,   -8.1174038119420993E-008
   75.899999999999409      ,   -8.0879706219347413E-008
   75.999999999999403      ,   -8.0586822685475066E-008
   76.099999999999397      ,   -8.0295378534228709E-008
   76.199999999999392      ,   -8.0005364849184402E-008
   76.299999999999386      ,   -7.9716772780479761E-008
   76.399999999999380      ,   -7.9429593544237101E-008
   76.499999999999375      ,   -7.9143818421984547E-008
   76.599999999999369      ,   -7.8859438760088382E-008
   76.699999999999363      ,   -7.8576445969188837E-008
   76.799999999999358      ,   -7.8294831523641402E-008
   76.899999999999352      ,   -7.8014586960964736E-008
   76.999999999999346      ,   -7.7735703881294236E-008
   77.099999999999341      ,   -7.7458173946837751E-008
   77.199999999999335      ,   -7.7181988881342353E-008
   77.299999999999329      ,   -7.6907140469559656E-008
   77.399999999999324      ,   -7.6633620556723781E-008
   77.499999999999318      ,   -7.6361421048028340E-008
   77.599999999999312      ,   -7.6090533908111821E-008
   77.699999999999307      ,   -7.5820951160545522E-008
   77.799999999999301      ,   -7.5552664887330077E-008
   77.899999999999295      ,   -7.5285667228395009E-008
   77.999999999999289      ,   -7.5019950381100700E-008
   78.099999999999284      ,   -7.4755506599750538E-008
   78.199999999999278      ,   -7.4492328195103691E-008
   78.299999999999272      ,   -7.4230407533893222E-008
   78.399999999999267      ,   -7.3969737038351090E-008
   78.499999999999261      ,   -7.3710309185735266E-008
   78.599999999999255      ,   -7.3452116507862703E-008
   78.699999999999250      ,   -7.3195151590647330E-008
   78.799999999999244      ,   -7.2939407073639836E-008
   78.899999999999238      ,   -7.2684875649576850E-008
   78.999999999999233      ,   -7.2431550063928718E-008
   79.099999999999227      ,   -7.2179423114456042E-008
   79.199999999999221      ,   -7.1928487650768902E-008
   79.299999999999216      ,   -7.1678736573889238E-008
   79.399999999999210      ,   -7.1430162835819704E-008
   79.499999999999204      ,   -7.1182759439115163E-008
   79.599999999999199      ,   -7.0936519436458751E-008
   79.699999999999193      ,   -7.0691435930241517E-008
   79.799999999999187      ,   -7.0447502072146643E-008
   79.899999999999181      ,   -7.0204711062738562E-008
   79.999999999999176      ,   -6.9963056151052756E-008
