  0.10000000000000001      ,  -0.29636638232934598     
  0.20000000000000001      ,   -7.3886211549617706E-002
  0.29999999999999999      ,   -3.2720041809773698E-002
  0.40000000000000002      ,   -1.8328219305345731E-002
  0.50000000000000000      ,   -1.1676191049302785E-002
  0.59999999999999998      ,   -8.0686408364364619E-003
  0.69999999999999996      ,   -5.8973931434630131E-003
  0.79999999999999993      ,   -4.4910080118223585E-003
  0.89999999999999991      ,   -3.5288902367561301E-003
  0.99999999999999989      ,   -2.8422861804688528E-003
   1.0999999999999999      ,   -2.3355174400559110E-003
   1.2000000000000000      ,   -1.9510636115249809E-003
   1.3000000000000000      ,   -1.6526638699096174E-003
   1.4000000000000001      ,   -1.4165446054941471E-003
   1.5000000000000002      ,   -1.2265961187305572E-003
   1.6000000000000003      ,   -1.0715902232744270E-003
   1.7000000000000004      ,   -9.4350845308091352E-004
   1.8000000000000005      ,   -8.3650177335412089E-004
   1.9000000000000006      ,   -7.4622324117885940E-004
   2.0000000000000004      ,   -6.6938831890076976E-004
   2.1000000000000005      ,   -6.0347824854071184E-004
   2.2000000000000006      ,   -5.4653567685119077E-004
   2.3000000000000007      ,   -4.9702115301461991E-004
   2.4000000000000008      ,   -4.5371063430099375E-004
   2.5000000000000009      ,   -4.1562113945346844E-004
   2.6000000000000010      ,   -3.8195605392447646E-004
   2.7000000000000011      ,   -3.5206436997554474E-004
   2.8000000000000012      ,   -3.2540994930174336E-004
   2.9000000000000012      ,   -3.0154808915631401E-004
   3.0000000000000013      ,   -2.8010747522185973E-004
   3.1000000000000014      ,   -2.6077615215610515E-004
   3.2000000000000015      ,   -2.4329052194844251E-004
   3.3000000000000016      ,   -2.2742664625071061E-004
   3.4000000000000017      ,   -2.1299331776491274E-004
   3.5000000000000018      ,   -1.9982650146775689E-004
   3.6000000000000014      ,   -1.8778484496385000E-004
   3.7000000000000015      ,   -1.7674602949311114E-004
   3.8000000000000016      ,   -1.6660378658142622E-004
   3.9000000000000017      ,   -1.5726544524492225E-004
   4.0000000000000018      ,   -1.4864990471592684E-004
   4.1000000000000023      ,   -1.4068595046833808E-004
   4.2000000000000020      ,   -1.3331084875821552E-004
   4.3000000000000025      ,   -1.2646916832087732E-004
   4.4000000000000021      ,   -1.2011178827125815E-004
   4.5000000000000027      ,   -1.1419505937014435E-004
   4.6000000000000023      ,   -1.0868009218722513E-004
   4.7000000000000020      ,   -1.0353215071781573E-004
   4.8000000000000025      ,   -9.8720133998166014E-005
   4.9000000000000021      ,   -9.4216131445456117E-005
   5.0000000000000027      ,   -8.9995040198806260E-005
   5.1000000000000023      ,   -8.6034234791797370E-005
   5.2000000000000028      ,   -8.2313281149171485E-005
   5.3000000000000025      ,   -7.8813688251269879E-005
   5.4000000000000030      ,   -7.5518691912312334E-005
   5.5000000000000027      ,   -7.2413066022036985E-005
   5.6000000000000032      ,   -6.9482957343422632E-005
   5.7000000000000028      ,   -6.6715740572845236E-005
   5.8000000000000034      ,   -6.4099890877524919E-005
   5.9000000000000030      ,   -6.1624871547903757E-005
   6.0000000000000036      ,   -5.9281034755361807E-005
   6.1000000000000032      ,   -5.7059533700896753E-005
   6.2000000000000037      ,   -5.4952244688252650E-005
   6.3000000000000034      ,   -5.2951697863702056E-005
   6.4000000000000039      ,   -5.1051015540931223E-005
   6.5000000000000036      ,   -4.9243857178752853E-005
   6.6000000000000041      ,   -4.7524370206110018E-005
   6.7000000000000037      ,   -4.5887145996734887E-005
   6.8000000000000034      ,   -4.4327180387938308E-005
   6.9000000000000039      ,   -4.2839838216789057E-005
   7.0000000000000036      ,   -4.1420821414541108E-005
   7.1000000000000041      ,   -4.0066140258249302E-005
   7.2000000000000037      ,   -3.8772087428571673E-005
   7.3000000000000043      ,   -3.7535214565968365E-005
   7.4000000000000039      ,   -3.6352311054896271E-005
   7.5000000000000044      ,   -3.5220384798022363E-005
   7.6000000000000032      ,   -3.4136644770631017E-005
   7.7000000000000028      ,   -3.3098485169921620E-005
   7.8000000000000016      ,   -3.2103470995259600E-005
   7.9000000000000012      ,   -3.1149324914129140E-005
   8.0000000000000000      ,   -3.0233915284868981E-005
   8.0999999999999996      ,   -2.9355245221608372E-005
   8.1999999999999993      ,   -2.8511442599403713E-005
   8.2999999999999989      ,   -2.7700750908639579E-005
   8.3999999999999968      ,   -2.6921520877517793E-005
   8.4999999999999964      ,   -2.6172202790057614E-005
   8.5999999999999961      ,   -2.5451339434640982E-005
   8.6999999999999957      ,   -2.4757559624863581E-005
   8.7999999999999936      ,   -2.4089572240422781E-005
   8.8999999999999932      ,   -2.3446160741068356E-005
   8.9999999999999929      ,   -2.2826178111349415E-005
   9.0999999999999925      ,   -2.2228542198081938E-005
   9.1999999999999922      ,   -2.1652231406195504E-005
   9.2999999999999901      ,   -2.1096280721951347E-005
   9.3999999999999897      ,   -2.0559778035498391E-005
   9.4999999999999893      ,   -2.0041860737402465E-005
   9.5999999999999890      ,   -1.9541712566167426E-005
   9.6999999999999869      ,   -1.9058560685907323E-005
   9.7999999999999865      ,   -1.8591672975248491E-005
   9.8999999999999861      ,   -1.8140355510271445E-005
   9.9999999999999858      ,   -1.7703950225850458E-005
   10.099999999999985      ,   -1.7281832741153245E-005
   10.199999999999983      ,   -1.6873410336322801E-005
   10.299999999999983      ,   -1.6478120068502074E-005
   10.399999999999983      ,   -1.6095427016395284E-005
   10.499999999999982      ,   -1.5724822643485671E-005
   10.599999999999980      ,   -1.5365823270877231E-005
   10.699999999999980      ,   -1.5017968651489230E-005
   10.799999999999979      ,   -1.4680820638025875E-005
   10.899999999999979      ,   -1.4353961937774066E-005
   10.999999999999977      ,   -1.4036994947852246E-005
   11.099999999999977      ,   -1.3729540665054917E-005
   11.199999999999976      ,   -1.3431237664910002E-005
   11.299999999999976      ,   -1.3141741144998634E-005
   11.399999999999975      ,   -1.2860722027979718E-005
   11.499999999999973      ,   -1.2587866120121121E-005
   11.599999999999973      ,   -1.2322873321466516E-005
   11.699999999999973      ,   -1.2065456884068841E-005
   11.799999999999972      ,   -1.1815342714993274E-005
   11.899999999999970      ,   -1.1572268721045336E-005
   11.999999999999970      ,   -1.1335984192409002E-005
   12.099999999999969      ,   -1.1106249222591522E-005
   12.199999999999969      ,   -1.0882834162265251E-005
   12.299999999999969      ,   -1.0665519104772941E-005
   12.399999999999967      ,   -1.0454093401229078E-005
   12.499999999999966      ,   -1.0248355203298216E-005
   12.599999999999966      ,   -1.0048111031868783E-005
   12.699999999999966      ,   -9.8531753699717135E-006
   12.799999999999963      ,   -9.6633702784058021E-006
   12.899999999999963      ,   -9.4785250326435580E-006
   12.999999999999963      ,   -9.2984757796891446E-006
   13.099999999999962      ,   -9.1230652136531834E-006
   13.199999999999960      ,   -8.9521422688927963E-006
   13.299999999999960      ,   -8.7855618296462113E-006
   13.399999999999959      ,   -8.6231844551619043E-006
   13.499999999999959      ,   -8.4648761193899870E-006
   13.599999999999959      ,   -8.3105079643671803E-006
   13.699999999999957      ,   -8.1599560664823415E-006
   13.799999999999956      ,   -8.0131012148655202E-006
   13.899999999999956      ,   -7.8698287011904099E-006
   13.999999999999956      ,   -7.7300281202286244E-006
   14.099999999999953      ,   -7.5935931805352146E-006
   14.199999999999953      ,   -7.4604215246857396E-006
   14.299999999999953      ,   -7.3304145585215654E-006
   14.399999999999952      ,   -7.2034772888943087E-006
   14.499999999999952      ,   -7.0795181694329286E-006
   14.599999999999950      ,   -6.9584489538860254E-006
   14.699999999999950      ,   -6.8401845566200938E-006
   14.799999999999949      ,   -6.7246429198800345E-006
   14.899999999999949      ,   -6.6117448874426870E-006
   14.999999999999948      ,   -6.5014140843156866E-006
   15.099999999999950      ,   -6.3935768021563297E-006
   15.199999999999951      ,   -6.2881618901033133E-006
   15.299999999999951      ,   -6.1851006507334169E-006
   15.399999999999952      ,   -6.0843267408714897E-006
   15.499999999999954      ,   -5.9857760769991528E-006
   15.599999999999955      ,   -5.8893867450213245E-006
   15.699999999999955      ,   -5.7950989141646343E-006
   15.799999999999956      ,   -5.7028547547939401E-006
   15.899999999999958      ,   -5.6125983599466253E-006
   15.999999999999957      ,   -5.5242756703945376E-006
   16.099999999999959      ,   -5.4378344030550303E-006
   16.199999999999960      ,   -5.3532239825823316E-006
   16.299999999999962      ,   -5.2703954759798250E-006
   16.399999999999963      ,   -5.1893015300833030E-006
   16.499999999999961      ,   -5.1098963117723939E-006
   16.599999999999962      ,   -5.0321354507765879E-006
   16.699999999999964      ,   -4.9559759849487063E-006
   16.799999999999965      ,   -4.8813763078855197E-006
   16.899999999999967      ,   -4.8082961187826270E-006
   16.999999999999968      ,   -4.7366963744156150E-006
   17.099999999999969      ,   -4.6665392431460881E-006
   17.199999999999967      ,   -4.5977880608564212E-006
   17.299999999999969      ,   -4.5304072887219084E-006
   17.399999999999970      ,   -4.4643624727338128E-006
   17.499999999999972      ,   -4.3996202048918929E-006
   17.599999999999973      ,   -4.3361480859883135E-006
   17.699999999999974      ,   -4.2739146899097550E-006
   17.799999999999976      ,   -4.2128895293876306E-006
   17.899999999999974      ,   -4.1530430231302557E-006
   17.999999999999975      ,   -4.0943464642743835E-006
   18.099999999999977      ,   -4.0367719900958641E-006
   18.199999999999978      ,   -3.9802925529233844E-006
   18.299999999999979      ,   -3.9248818922008953E-006
   18.399999999999981      ,   -3.8705145076479707E-006
   18.499999999999979      ,   -3.8171656334692018E-006
   18.599999999999980      ,   -3.7648112135666357E-006
   18.699999999999982      ,   -3.7134278777110025E-006
   18.799999999999983      ,   -3.6629929186302152E-006
   18.899999999999984      ,   -3.6134842699751329E-006
   18.999999999999986      ,   -3.5648804851248190E-006
   19.099999999999987      ,   -3.5171607167952367E-006
   19.199999999999985      ,   -3.4703046974169982E-006
   19.299999999999986      ,   -3.4242927202495065E-006
   19.399999999999988      ,   -3.3791056212003558E-006
   19.499999999999989      ,   -3.3347247613202716E-006
   19.599999999999991      ,   -3.2911320099453359E-006
   19.699999999999992      ,   -3.2483097284594188E-006
   19.799999999999994      ,   -3.2062407546512588E-006
   19.899999999999991      ,   -3.1649083876414725E-006
   19.999999999999993      ,   -3.1242963733562059E-006
   20.099999999999994      ,   -3.0843888905250912E-006
   20.199999999999996      ,   -3.0451705371819730E-006
   20.299999999999997      ,   -3.0066263176484090E-006
   20.399999999999999      ,   -2.9687416299801592E-006
   20.500000000000000      ,   -2.9315022538582623E-006
   20.599999999999998      ,   -2.8948943389068661E-006
   20.699999999999999      ,   -2.8589043934210669E-006
   20.800000000000001      ,   -2.8235192734881558E-006
   20.900000000000002      ,   -2.7887261724872004E-006
   21.000000000000004      ,   -2.7545126109518976E-006
   21.100000000000005      ,   -2.7208664267825666E-006
   21.200000000000003      ,   -2.6877757657937215E-006
   21.300000000000004      ,   -2.6552290725843943E-006
   21.400000000000006      ,   -2.6232150817185225E-006
   21.500000000000007      ,   -2.5917228092038162E-006
   21.600000000000009      ,   -2.5607415442575406E-006
   21.700000000000010      ,   -2.5302608413483028E-006
   21.800000000000011      ,   -2.5002705125035901E-006
   21.900000000000009      ,   -2.4707606198729277E-006
   22.000000000000011      ,   -2.4417214685370335E-006
   22.100000000000012      ,   -2.4131435995539787E-006
   22.200000000000014      ,   -2.3850177832333384E-006
   22.300000000000015      ,   -2.3573350126300958E-006
   22.400000000000016      ,   -2.3300864972500704E-006
   22.500000000000018      ,   -2.3032636569592283E-006
   22.600000000000016      ,   -2.2768581160892852E-006
   22.700000000000017      ,   -2.2508616977326316E-006
   22.800000000000018      ,   -2.2252664182197064E-006
   22.900000000000020      ,   -2.2000644817720393E-006
   23.000000000000021      ,   -2.1752482753249644E-006
   23.100000000000023      ,   -2.1508103635137274E-006
   23.200000000000024      ,   -2.1267434838172472E-006
   23.300000000000022      ,   -2.1030405418539613E-006
   23.400000000000023      ,   -2.0796946068243095E-006
   23.500000000000025      ,   -2.0566989070948504E-006
   23.600000000000026      ,   -2.0340468259187981E-006
   23.700000000000028      ,   -2.0117318972886114E-006
   23.800000000000029      ,   -1.9897478019156475E-006
   23.900000000000027      ,   -1.9680883633326786E-006
   24.000000000000028      ,   -1.9467475441151529E-006
   24.100000000000030      ,   -1.9257194422168278E-006
   24.200000000000031      ,   -1.9049982874162142E-006
   24.300000000000033      ,   -1.8845784378697598E-006
   24.400000000000034      ,   -1.8644543767683036E-006
   24.500000000000036      ,   -1.8446207090933989E-006
   24.600000000000033      ,   -1.8250721584698722E-006
   24.700000000000035      ,   -1.8058035641117018E-006
   24.800000000000036      ,   -1.7868098778579175E-006
   24.900000000000038      ,   -1.7680861612955632E-006
   25.000000000000039      ,   -1.7496275829668759E-006
   25.100000000000041      ,   -1.7314294156578826E-006
   25.200000000000042      ,   -1.7134870337657077E-006
   25.300000000000040      ,   -1.6957959107421175E-006
   25.400000000000041      ,   -1.6783516166106601E-006
   25.500000000000043      ,   -1.6611498155551685E-006
   25.600000000000044      ,   -1.6441862635771900E-006
   25.700000000000045      ,   -1.6274568062202426E-006
   25.800000000000047      ,   -1.6109573763585951E-006
   25.900000000000048      ,   -1.5946839920486719E-006
   26.000000000000046      ,   -1.5786327544410219E-006
   26.100000000000048      ,   -1.5627998457508173E-006
   26.200000000000049      ,   -1.5471815272852460E-006
   26.300000000000050      ,   -1.5317741375258234E-006
   26.400000000000052      ,   -1.5165740902639844E-006
   26.500000000000053      ,   -1.5015778727882662E-006
   26.600000000000051      ,   -1.4867820441214543E-006
   26.700000000000053      ,   -1.4721832333062144E-006
   26.800000000000054      ,   -1.4577781377375838E-006
   26.900000000000055      ,   -1.4435635215410164E-006
   27.000000000000057      ,   -1.4295362139944412E-006
   27.100000000000058      ,   -1.4156931079931338E-006
   27.200000000000060      ,   -1.4020311585559783E-006
   27.300000000000058      ,   -1.3885473813718703E-006
   27.400000000000059      ,   -1.3752388513851370E-006
   27.500000000000060      ,   -1.3621027014187038E-006
   27.600000000000062      ,   -1.3491361208339110E-006
   27.700000000000063      ,   -1.3363363542258478E-006
   27.800000000000065      ,   -1.3237007001532059E-006
   27.900000000000066      ,   -1.3112265099015568E-006
   28.000000000000064      ,   -1.2989111862791140E-006
   28.100000000000065      ,   -1.2867521824439601E-006
   28.200000000000067      ,   -1.2747470007618961E-006
   28.300000000000068      ,   -1.2628931916939283E-006
   28.400000000000070      ,   -1.2511883527125746E-006
   28.500000000000071      ,   -1.2396301272461091E-006
   28.600000000000072      ,   -1.2282162036500397E-006
   28.700000000000070      ,   -1.2169443142048335E-006
   28.800000000000072      ,   -1.2058122341393493E-006
   28.900000000000073      ,   -1.1948177806790899E-006
   29.000000000000075      ,   -1.1839588121185949E-006
   29.100000000000076      ,   -1.1732332269173383E-006
   29.200000000000077      ,   -1.1626389628183890E-006
   29.300000000000075      ,   -1.1521739959892430E-006
   29.400000000000077      ,   -1.1418363401841296E-006
   29.500000000000078      ,   -1.1316240459272971E-006
   29.600000000000080      ,   -1.1215351997165673E-006
   29.700000000000081      ,   -1.1115679232466694E-006
   29.800000000000082      ,   -1.1017203726517836E-006
   29.900000000000084      ,   -1.0919907377667125E-006
   30.000000000000082      ,   -1.0823772414062657E-006
   30.100000000000083      ,   -1.0728781386622438E-006
   30.200000000000085      ,   -1.0634917162175749E-006
   30.300000000000086      ,   -1.0542162916771949E-006
   30.400000000000087      ,   -1.0450502129150908E-006
   30.500000000000089      ,   -1.0359918574372046E-006
   30.600000000000090      ,   -1.0270396317596100E-006
   30.700000000000088      ,   -1.0181919708017045E-006
   30.800000000000090      ,   -1.0094473372939019E-006
   30.900000000000091      ,   -1.0008042211994540E-006
   31.000000000000092      ,   -9.9226113915008658E-007
   31.100000000000094      ,   -9.8381663389496791E-007
   31.200000000000095      ,   -9.7546927376275872E-007
   31.300000000000097      ,   -9.6721765213634870E-007
   31.400000000000095      ,   -9.5906038693989162E-007
   31.500000000000096      ,   -9.5099612013794311E-007
   31.600000000000097      ,   -9.4302351724623405E-007
   31.700000000000099      ,   -9.3514126685390136E-007
   31.800000000000100      ,   -9.2734808015677651E-007
   31.900000000000102      ,   -9.1964269050149667E-007
   32.000000000000099      ,   -9.1202385294014096E-007
   32.100000000000101      ,   -9.0449034379513555E-007
   32.200000000000102      ,   -8.9704096023411597E-007
   32.300000000000104      ,   -8.8967451985454203E-007
   32.400000000000105      ,   -8.8238986027778337E-007
   32.500000000000107      ,   -8.7518583875243555E-007
   32.600000000000108      ,   -8.6806133176664064E-007
   32.700000000000109      ,   -8.6101523466916628E-007
   32.800000000000111      ,   -8.5404646129905216E-007
   32.900000000000112      ,   -8.4715394362353740E-007
   33.000000000000114      ,   -8.4033663138416642E-007
   33.100000000000108      ,   -8.3359349175075553E-007
   33.200000000000109      ,   -8.2692350898309367E-007
   33.300000000000111      ,   -8.2032568410015678E-007
   33.400000000000112      ,   -8.1379903455666056E-007
   33.500000000000114      ,   -8.0734259392675326E-007
   33.600000000000115      ,   -8.0095541159467406E-007
   33.700000000000117      ,   -7.9463655245221862E-007
   33.800000000000118      ,   -7.8838509660282719E-007
   33.900000000000119      ,   -7.8220013907212716E-007
   34.000000000000121      ,   -7.7608078952481849E-007
   34.100000000000122      ,   -7.7002617198765715E-007
   34.200000000000124      ,   -7.6403542457847054E-007
   34.300000000000125      ,   -7.5810769924104395E-007
   34.400000000000119      ,   -7.5224216148566288E-007
   34.500000000000121      ,   -7.4643799013529130E-007
   34.600000000000122      ,   -7.4069437707714352E-007
   34.700000000000124      ,   -7.3501052701957601E-007
   34.800000000000125      ,   -7.2938565725417555E-007
   34.900000000000126      ,   -7.2381899742287775E-007
   35.000000000000128      ,   -7.1830978929002038E-007
   35.100000000000129      ,   -7.1285728651924861E-007
   35.200000000000131      ,   -7.0746075445506606E-007
   35.300000000000132      ,   -7.0211946990901884E-007
   35.400000000000134      ,   -6.9683272095034613E-007
   35.500000000000135      ,   -6.9159980670100723E-007
   35.600000000000136      ,   -6.8642003713498206E-007
   35.700000000000138      ,   -6.8129273288173689E-007
   35.800000000000132      ,   -6.7621722503377903E-007
   35.900000000000134      ,   -6.7119285495816996E-007
   36.000000000000135      ,   -6.6621897411195709E-007
   36.100000000000136      ,   -6.6129494386136231E-007
   36.200000000000138      ,   -6.5642013530471392E-007
   36.300000000000139      ,   -6.5159392909898198E-007
   36.400000000000141      ,   -6.4681571528985154E-007
   36.500000000000142      ,   -6.4208489314527039E-007
   36.600000000000144      ,   -6.3740087099236549E-007
   36.700000000000145      ,   -6.3276306605764235E-007
   36.800000000000146      ,   -6.2817090431045493E-007
   36.900000000000148      ,   -6.2362382030958340E-007
   37.000000000000149      ,   -6.1912125705292649E-007
   37.100000000000144      ,   -6.1466266583017520E-007
   37.200000000000145      ,   -6.1024750607845839E-007
   37.300000000000146      ,   -6.0587524524085285E-007
   37.400000000000148      ,   -6.0154535862769660E-007
   37.500000000000149      ,   -5.9725732928067378E-007
   37.600000000000151      ,   -5.9301064783957065E-007
   37.700000000000152      ,   -5.8880481241167471E-007
   37.800000000000153      ,   -5.8463932844371601E-007
   37.900000000000155      ,   -5.8051370859636843E-007
   38.000000000000156      ,   -5.7642747262114802E-007
   38.100000000000158      ,   -5.7238014723977798E-007
   38.200000000000159      ,   -5.6837126602585757E-007
   38.300000000000161      ,   -5.6440036928884661E-007
   38.400000000000162      ,   -5.6046700396031082E-007
   38.500000000000156      ,   -5.5657072348233761E-007
   38.600000000000158      ,   -5.5271108769812752E-007
   38.700000000000159      ,   -5.4888766274469112E-007
   38.800000000000161      ,   -5.4510002094758407E-007
   38.900000000000162      ,   -5.4134774071767881E-007
   39.000000000000163      ,   -5.3763040644989998E-007
   39.100000000000165      ,   -5.3394760842387730E-007
   39.200000000000166      ,   -5.3029894270651537E-007
   39.300000000000168      ,   -5.2668401105637925E-007
   39.400000000000169      ,   -5.2310242082989579E-007
   39.500000000000171      ,   -5.1955378488934757E-007
   39.600000000000172      ,   -5.1603772151256648E-007
   39.700000000000173      ,   -5.1255385430433499E-007
   39.800000000000168      ,   -5.0910181210945649E-007
   39.900000000000169      ,   -5.0568122892743709E-007
   40.000000000000171      ,   -5.0229174382875647E-007
   40.100000000000172      ,   -4.9893300087270870E-007
   40.200000000000173      ,   -4.9560464902675353E-007
   40.300000000000175      ,   -4.9230634208736198E-007
   40.400000000000176      ,   -4.8903773860233115E-007
   40.500000000000178      ,   -4.8579850179452912E-007
   40.600000000000179      ,   -4.8258829948702166E-007
   40.700000000000180      ,   -4.7940680402959610E-007
   40.800000000000182      ,   -4.7625369222662180E-007
   40.900000000000183      ,   -4.7312864526621257E-007
   41.000000000000185      ,   -4.7003134865069696E-007
   41.100000000000186      ,   -4.6696149212834217E-007
   41.200000000000180      ,   -4.6391876962631159E-007
   41.300000000000182      ,   -4.6090287918484024E-007
   41.400000000000183      ,   -4.5791352289260022E-007
   41.500000000000185      ,   -4.5495040682321292E-007
   41.600000000000186      ,   -4.5201324097292135E-007
   41.700000000000188      ,   -4.4910173919936442E-007
   41.800000000000189      ,   -4.4621561916144699E-007
   41.900000000000190      ,   -4.4335460226028648E-007
   42.000000000000192      ,   -4.4051841358120626E-007
   42.100000000000193      ,   -4.3770678183676324E-007
   42.200000000000195      ,   -4.3491943931076390E-007
   42.300000000000196      ,   -4.3215612180330718E-007
   42.400000000000198      ,   -4.2941656857675679E-007
   42.500000000000192      ,   -4.2670052230268719E-007
   42.600000000000193      ,   -4.2400772900974868E-007
   42.700000000000195      ,   -4.2133793803245420E-007
   42.800000000000196      ,   -4.1869090196085510E-007
   42.900000000000198      ,   -4.1606637659108672E-007
   43.000000000000199      ,   -4.1346412087679050E-007
   43.100000000000200      ,   -4.1088389688136990E-007
   43.200000000000202      ,   -4.0832546973106083E-007
   43.300000000000203      ,   -4.0578860756883748E-007
   43.400000000000205      ,   -4.0327308150909188E-007
   43.500000000000206      ,   -4.0077866559309818E-007
   43.600000000000207      ,   -3.9830513674525088E-007
   43.700000000000209      ,   -3.9585227473003147E-007
   43.800000000000210      ,   -3.9341986210973440E-007
   43.900000000000205      ,   -3.9100768420288945E-007
   44.000000000000206      ,   -3.8861552904341550E-007
   44.100000000000207      ,   -3.8624318734044633E-007
   44.200000000000209      ,   -3.8389045243884484E-007
   44.300000000000210      ,   -3.8155712028038979E-007
   44.400000000000212      ,   -3.7924298936561107E-007
   44.500000000000213      ,   -3.7694786071626098E-007
   44.600000000000215      ,   -3.7467153783843087E-007
   44.700000000000216      ,   -3.7241382668626942E-007
   44.800000000000217      ,   -3.7017453562631704E-007
   44.900000000000219      ,   -3.6795347540243744E-007
   45.000000000000220      ,   -3.6575045910131877E-007
   45.100000000000222      ,   -3.6356530211856182E-007
   45.200000000000216      ,   -3.6139782212532343E-007
   45.300000000000217      ,   -3.5924783903552005E-007
   45.400000000000219      ,   -3.5711517497355323E-007
   45.500000000000220      ,   -3.5499965424258923E-007
   45.600000000000222      ,   -3.5290110329333918E-007
   45.700000000000223      ,   -3.5081935069337205E-007
   45.800000000000225      ,   -3.4875422709691172E-007
   45.900000000000226      ,   -3.4670556521513718E-007
   46.000000000000227      ,   -3.4467319978696046E-007
   46.100000000000229      ,   -3.4265696755028907E-007
   46.200000000000230      ,   -3.4065670721374310E-007
   46.300000000000232      ,   -3.3867225942883398E-007
   46.400000000000233      ,   -3.3670346676260623E-007
   46.500000000000234      ,   -3.3475017367069005E-007
   46.600000000000229      ,   -3.3281222647082464E-007
   46.700000000000230      ,   -3.3088947331677445E-007
   46.800000000000232      ,   -3.2898176417268748E-007
   46.900000000000233      ,   -3.2708895078784356E-007
   47.000000000000234      ,   -3.2521088667181955E-007
   47.100000000000236      ,   -3.2334742707004971E-007
   47.200000000000237      ,   -3.2149842893976238E-007
   47.300000000000239      ,   -3.1966375092631316E-007
   47.400000000000240      ,   -3.1784325333988493E-007
   47.500000000000242      ,   -3.1603679813255483E-007
   47.600000000000243      ,   -3.1424424887572216E-007
   47.700000000000244      ,   -3.1246547073790569E-007
   47.800000000000246      ,   -3.1070033046286536E-007
   47.900000000000240      ,   -3.0894869634808486E-007
   48.000000000000242      ,   -3.0721043822358696E-007
   48.100000000000243      ,   -3.0548542743107539E-007
   48.200000000000244      ,   -3.0377353680340518E-007
   48.300000000000246      ,   -3.0207464064437386E-007
   48.400000000000247      ,   -3.0038861470881396E-007
   48.500000000000249      ,   -2.9871533618301760E-007
   48.600000000000250      ,   -2.9705468366543678E-007
   48.700000000000252      ,   -2.9540653714769884E-007
   48.800000000000253      ,   -2.9377077799590955E-007
   48.900000000000254      ,   -2.9214728893224180E-007
   49.000000000000256      ,   -2.9053595401680502E-007
   49.100000000000257      ,   -2.8893665862980091E-007
   49.200000000000259      ,   -2.8734928945393724E-007
   49.300000000000253      ,   -2.8577373445712562E-007
   49.400000000000254      ,   -2.8420988287542843E-007
   49.500000000000256      ,   -2.8265762519627445E-007
   49.600000000000257      ,   -2.8111685314192485E-007
   49.700000000000259      ,   -2.7958745965318562E-007
   49.800000000000260      ,   -2.7806933887337512E-007
   49.900000000000261      ,   -2.7656238613252424E-007
   50.000000000000263      ,   -2.7506649793182030E-007
   50.100000000000264      ,   -2.7358157192827831E-007
   50.200000000000266      ,   -2.7210750691964826E-007
   50.300000000000267      ,   -2.7064420282954234E-007
   50.400000000000269      ,   -2.6919156069279157E-007
   50.500000000000270      ,   -2.6774948264100655E-007
   50.600000000000264      ,   -2.6631787188837284E-007
   50.700000000000266      ,   -2.6489663271763872E-007
   50.800000000000267      ,   -2.6348567046631843E-007
   50.900000000000269      ,   -2.6208489151310305E-007
   51.000000000000270      ,   -2.6069420326446347E-007
   51.100000000000271      ,   -2.5931351414145508E-007
   51.200000000000273      ,   -2.5794273356671809E-007
   51.300000000000274      ,   -2.5658177195166323E-007
   51.400000000000276      ,   -2.5523054068385088E-007
   51.500000000000277      ,   -2.5388895211455212E-007
   51.600000000000279      ,   -2.5255691954648626E-007
   51.700000000000280      ,   -2.5123435722174776E-007
   51.800000000000281      ,   -2.4992118030990023E-007
   51.900000000000283      ,   -2.4861730489624151E-007
   52.000000000000277      ,   -2.4732264797024971E-007
   52.100000000000279      ,   -2.4603712741418387E-007
   52.200000000000280      ,   -2.4476066199185297E-007
   52.300000000000281      ,   -2.4349317133755442E-007
   52.400000000000283      ,   -2.4223457594515673E-007
   52.500000000000284      ,   -2.4098479715735227E-007
   52.600000000000286      ,   -2.3974375715505639E-007
   52.700000000000287      ,   -2.3851137894696294E-007
   52.800000000000288      ,   -2.3728758635924354E-007
   52.900000000000290      ,   -2.3607230402539255E-007
   53.000000000000291      ,   -2.3486545737622921E-007
   53.100000000000293      ,   -2.3366697263002493E-007
   53.200000000000294      ,   -2.3247677678277717E-007
   53.300000000000288      ,   -2.3129479759862742E-007
   53.400000000000290      ,   -2.3012096360040350E-007
   53.500000000000291      ,   -2.2895520406030170E-007
   53.600000000000293      ,   -2.2779744899069669E-007
   53.700000000000294      ,   -2.2664762913508625E-007
   53.800000000000296      ,   -2.2550567595914879E-007
   53.900000000000297      ,   -2.2437152164194883E-007
   54.000000000000298      ,   -2.2324509906724235E-007
   54.100000000000300      ,   -2.2212634181491399E-007
   54.200000000000301      ,   -2.2101518415253955E-007
   54.300000000000303      ,   -2.1991156102704636E-007
   54.400000000000304      ,   -2.1881540805651466E-007
   54.500000000000306      ,   -2.1772666152206726E-007
   54.600000000000307      ,   -2.1664525835989154E-007
   54.700000000000301      ,   -2.1557113615335802E-007
   54.800000000000303      ,   -2.1450423312525582E-007
   54.900000000000304      ,   -2.1344448813012680E-007
   55.000000000000306      ,   -2.1239184064671465E-007
   55.100000000000307      ,   -2.1134623077050625E-007
   55.200000000000308      ,   -2.1030759920638702E-007
   55.300000000000310      ,   -2.0927588726138530E-007
   55.400000000000311      ,   -2.0825103683752095E-007
   55.500000000000313      ,   -2.0723299042475479E-007
   55.600000000000314      ,   -2.0622169109402356E-007
   55.700000000000315      ,   -2.0521708249037970E-007
   55.800000000000317      ,   -2.0421910882621738E-007
   55.900000000000318      ,   -2.0322771487459359E-007
   56.000000000000313      ,   -2.0224284596263549E-007
   56.100000000000314      ,   -2.0126444796504068E-007
   56.200000000000315      ,   -2.0029246729766244E-007
   56.300000000000317      ,   -1.9932685091117977E-007
   56.400000000000318      ,   -1.9836754628485653E-007
   56.500000000000320      ,   -1.9741450142037929E-007
   56.600000000000321      ,   -1.9646766483577671E-007
   56.700000000000323      ,   -1.9552698555942913E-007
   56.800000000000324      ,   -1.9459241312414495E-007
   56.900000000000325      ,   -1.9366389756132424E-007
   57.000000000000327      ,   -1.9274138939519728E-007
   57.100000000000328      ,   -1.9182483963713904E-007
   57.200000000000330      ,   -1.9091419978005802E-007
   57.300000000000331      ,   -1.9000942179286200E-007
   57.400000000000325      ,   -1.8911045811499168E-007
   57.500000000000327      ,   -1.8821726165103243E-007
   57.600000000000328      ,   -1.8732978576538928E-007
   57.700000000000330      ,   -1.8644798427704076E-007
   57.800000000000331      ,   -1.8557181145435220E-007
   57.900000000000333      ,   -1.8470122200996041E-007
   58.000000000000334      ,   -1.8383617109572874E-007
   58.100000000000335      ,   -1.8297661429776169E-007
   58.200000000000337      ,   -1.8212250763148822E-007
   58.300000000000338      ,   -1.8127380753680700E-007
   58.400000000000340      ,   -1.8043047087329403E-007
   58.500000000000341      ,   -1.7959245491547495E-007
   58.600000000000342      ,   -1.7875971734815481E-007
   58.700000000000337      ,   -1.7793221626181246E-007
   58.800000000000338      ,   -1.7710991014804867E-007
   58.900000000000340      ,   -1.7629275789509362E-007
   59.000000000000341      ,   -1.7548071878337931E-007
   59.100000000000342      ,   -1.7467375248116008E-007
   59.200000000000344      ,   -1.7387181904018958E-007
   59.300000000000345      ,   -1.7307487889146042E-007
   59.400000000000347      ,   -1.7228289284098774E-007
   59.500000000000348      ,   -1.7149582206565575E-007
   59.600000000000350      ,   -1.7071362810911161E-007
   59.700000000000344      ,   -1.6993627287770944E-007
   59.800000000000338      ,   -1.6916371863651456E-007
   59.900000000000333      ,   -1.6839592800534713E-007
   60.000000000000327      ,   -1.6763286395488304E-007
   60.100000000000321      ,   -1.6687448980280371E-007
   60.200000000000315      ,   -1.6612076920998608E-007
   60.300000000000310      ,   -1.6537166617675472E-007
   60.400000000000304      ,   -1.6462714503916774E-007
   60.500000000000298      ,   -1.6388717046535429E-007
   60.600000000000293      ,   -1.6315170745190026E-007
   60.700000000000287      ,   -1.6242072132027347E-007
   60.800000000000281      ,   -1.6169417771329862E-007
   60.900000000000276      ,   -1.6097204259167370E-007
   61.000000000000270      ,   -1.6025428223052874E-007
   61.100000000000264      ,   -1.5954086321602796E-007
   61.200000000000259      ,   -1.5883175244201615E-007
   61.300000000000253      ,   -1.5812691710670173E-007
   61.400000000000247      ,   -1.5742632470938703E-007
   61.500000000000242      ,   -1.5672994304722847E-007
   61.600000000000236      ,   -1.5603774021205639E-007
   61.700000000000230      ,   -1.5534968458720344E-007
   61.800000000000225      ,   -1.5466574484440464E-007
   61.900000000000219      ,   -1.5398588994071003E-007
   62.000000000000213      ,   -1.5331008911545140E-007
   62.100000000000207      ,   -1.5263831188723468E-007
   62.200000000000202      ,   -1.5197052805097660E-007
   62.300000000000196      ,   -1.5130670767497508E-007
   62.400000000000190      ,   -1.5064682109801288E-007
   62.500000000000185      ,   -1.4999083892649854E-007
   62.600000000000179      ,   -1.4933873203164260E-007
   62.700000000000173      ,   -1.4869047154666800E-007
   62.800000000000168      ,   -1.4804602886404825E-007
   62.900000000000162      ,   -1.4740537563279018E-007
   63.000000000000156      ,   -1.4676848375573610E-007
   63.100000000000151      ,   -1.4613532538691284E-007
   63.200000000000145      ,   -1.4550587292889799E-007
   63.300000000000139      ,   -1.4488009903022658E-007
   63.400000000000134      ,   -1.4425797658283028E-007
   63.500000000000128      ,   -1.4363947871949688E-007
   63.600000000000122      ,   -1.4302457881137432E-007
   63.700000000000117      ,   -1.4241325046548899E-007
   63.800000000000111      ,   -1.4180546752230994E-007
   63.900000000000105      ,   -1.4120120405332464E-007
   64.000000000000099      ,   -1.4060043435866018E-007
   64.100000000000094      ,   -1.4000313296471908E-007
   64.200000000000088      ,   -1.3940927462184992E-007
   64.300000000000082      ,   -1.3881883430204684E-007
   64.400000000000077      ,   -1.3823178719666994E-007
   64.500000000000071      ,   -1.3764810871419641E-007
   64.600000000000065      ,   -1.3706777447800136E-007
   64.700000000000060      ,   -1.3649076032415541E-007
   64.800000000000054      ,   -1.3591704229925659E-007
   64.900000000000048      ,   -1.3534659665828470E-007
   65.000000000000043      ,   -1.3477939986247950E-007
   65.100000000000037      ,   -1.3421542857724541E-007
   65.200000000000031      ,   -1.3365465967007823E-007
   65.300000000000026      ,   -1.3309707020852001E-007
   65.400000000000020      ,   -1.3254263745813368E-007
   65.500000000000014      ,   -1.3199133888050141E-007
   65.600000000000009      ,   -1.3144315213125045E-007
   65.700000000000003      ,   -1.3089805505809508E-007
   65.799999999999997      ,   -1.3035602569890818E-007
   65.899999999999991      ,   -1.2981704227980931E-007
   65.999999999999986      ,   -1.2928108321327685E-007
   66.099999999999980      ,   -1.2874812709628286E-007
   66.199999999999974      ,   -1.2821815270844847E-007
   66.299999999999969      ,   -1.2769113901021964E-007
   66.399999999999963      ,   -1.2716706514106478E-007
   66.499999999999957      ,   -1.2664591041769288E-007
   66.599999999999952      ,   -1.2612765433229059E-007
   66.699999999999946      ,   -1.2561227655078132E-007
   66.799999999999940      ,   -1.2509975691110404E-007
   66.899999999999935      ,   -1.2459007542150881E-007
   66.999999999999929      ,   -1.2408321225887576E-007
   67.099999999999923      ,   -1.2357914776704895E-007
   67.199999999999918      ,   -1.2307786245519195E-007
   67.299999999999912      ,   -1.2257933699616276E-007
   67.399999999999906      ,   -1.2208355222490108E-007
   67.499999999999901      ,   -1.2159048913684208E-007
   67.599999999999895      ,   -1.2110012888634341E-007
   67.699999999999889      ,   -1.2061245278512727E-007
   67.799999999999883      ,   -1.2012744230074558E-007
   67.899999999999878      ,   -1.1964507905506101E-007
   67.999999999999872      ,   -1.1916534482273946E-007
   68.099999999999866      ,   -1.1868822152976788E-007
   68.199999999999861      ,   -1.1821369125198103E-007
   68.299999999999855      ,   -1.1774173621361078E-007
   68.399999999999849      ,   -1.1727233878584674E-007
   68.499999999999844      ,   -1.1680548148541410E-007
   68.599999999999838      ,   -1.1634114697317060E-007
   68.699999999999832      ,   -1.1587931805271388E-007
   68.799999999999827      ,   -1.1541997766900706E-007
   68.899999999999821      ,   -1.1496310890702088E-007
   68.999999999999815      ,   -1.1450869499038577E-007
   69.099999999999810      ,   -1.1405671928006448E-007
   69.199999999999804      ,   -1.1360716527303493E-007
   69.299999999999798      ,   -1.1316001660099196E-007
   69.399999999999793      ,   -1.1271525702905678E-007
   69.499999999999787      ,   -1.1227287045450844E-007
   69.599999999999781      ,   -1.1183284090552120E-007
   69.699999999999775      ,   -1.1139515253992287E-007
   69.799999999999770      ,   -1.1095978964396108E-007
   69.899999999999764      ,   -1.1052673663108664E-007
   69.999999999999758      ,   -1.1009597804074772E-007
   70.099999999999753      ,   -1.0966749853719891E-007
   70.199999999999747      ,   -1.0924128290832245E-007
   70.299999999999741      ,   -1.0881731606446020E-007
   70.399999999999736      ,   -1.0839558303726353E-007
   70.499999999999730      ,   -1.0797606897854806E-007
   70.599999999999724      ,   -1.0755875915916922E-007
   70.699999999999719      ,   -1.0714363896790297E-007
   70.799999999999713      ,   -1.0673069391034100E-007
   70.899999999999707      ,   -1.0631990960779861E-007
   70.999999999999702      ,   -1.0591127179623484E-007
   71.099999999999696      ,   -1.0550476632518016E-007
   71.199999999999690      ,   -1.0510037915668108E-007
   71.299999999999685      ,   -1.0469809636425179E-007
   71.399999999999679      ,   -1.0429790413183871E-007
   71.499999999999673      ,   -1.0389978875279567E-007
   71.599999999999667      ,   -1.0350373662887083E-007
   71.699999999999662      ,   -1.0310973426920330E-007
   71.799999999999656      ,   -1.0271776828933006E-007
   71.899999999999650      ,   -1.0232782541020538E-007
   71.999999999999645      ,   -1.0193989245722804E-007
   72.099999999999639      ,   -1.0155395635928110E-007
   72.199999999999633      ,   -1.0117000414777984E-007
   72.299999999999628      ,   -1.0078802295573138E-007
   72.399999999999622      ,   -1.0040800001680238E-007
   72.499999999999616      ,   -1.0002992266439957E-007
   72.599999999999611      ,   -9.9653778330755304E-008
   72.699999999999605      ,   -9.9279554546027173E-008
   72.799999999999599      ,   -9.8907238937405304E-008
   72.899999999999594      ,   -9.8536819228227002E-008
   72.999999999999588      ,   -9.8168283237104312E-008
   73.099999999999582      ,   -9.7801618877058077E-008
   73.199999999999577      ,   -9.7436814154661335E-008
   73.299999999999571      ,   -9.7073857169192234E-008
   73.399999999999565      ,   -9.6712736111797042E-008
   73.499999999999559      ,   -9.6353439264657410E-008
   73.599999999999554      ,   -9.5995955000170945E-008
   73.699999999999548      ,   -9.5640271780138817E-008
   73.799999999999542      ,   -9.5286378154960077E-008
   73.899999999999537      ,   -9.4934262762835615E-008
   73.999999999999531      ,   -9.4583914328982489E-008
   74.099999999999525      ,   -9.4235321664850093E-008
   74.199999999999520      ,   -9.3888473667351738E-008
   74.299999999999514      ,   -9.3543359318100005E-008
   74.399999999999508      ,   -9.3199967682649038E-008
   74.499999999999503      ,   -9.2858287909748569E-008
   74.599999999999497      ,   -9.2518309230600383E-008
   74.699999999999491      ,   -9.2180020958128216E-008
   74.799999999999486      ,   -9.1843412486249543E-008
   74.899999999999480      ,   -9.1508473289158992E-008
   74.999999999999474      ,   -9.1175192920615867E-008
   75.099999999999469      ,   -9.0843561013241638E-008
   75.199999999999463      ,   -9.0513567277821384E-008
   75.299999999999457      ,   -9.0185201502616776E-008
   75.399999999999437      ,   -8.9858453552680553E-008
   75.499999999999432      ,   -8.9533313369183541E-008
   75.599999999999426      ,   -8.9209770968742611E-008
   75.699999999999420      ,   -8.8887816442761435E-008
   75.799999999999415      ,   -8.8567439956772821E-008
   75.899999999999409      ,   -8.8248631749790306E-008
   75.999999999999403      ,   -8.7931382133665139E-008
   76.099999999999397      ,   -8.7615681492451935E-008
   76.199999999999392      ,   -8.7301520281777265E-008
   76.299999999999386      ,   -8.6988889028215653E-008
   76.399999999999380      ,   -8.6677778328675047E-008
   76.499999999999375      ,   -8.6368178849782515E-008
   76.599999999999369      ,   -8.6060081327282434E-008
   76.699999999999363      ,   -8.5753476565434031E-008
   76.799999999999358      ,   -8.5448355436421658E-008
   76.899999999999352      ,   -8.5144708879765700E-008
   76.999999999999346      ,   -8.4842527901741871E-008
   77.099999999999341      ,   -8.4541803574805376E-008
   77.199999999999335      ,   -8.4242527037019893E-008
   77.299999999999329      ,   -8.3944689491496385E-008
   77.399999999999324      ,   -8.3648282205831732E-008
   77.499999999999318      ,   -8.3353296511554915E-008
   77.599999999999312      ,   -8.3059723803582478E-008
   77.699999999999307      ,   -8.2767555539672713E-008
   77.799999999999301      ,   -8.2476783239889695E-008
   77.899999999999295      ,   -8.2187398486072763E-008
   77.999999999999289      ,   -8.1899392921307854E-008
   78.099999999999284      ,   -8.1612758249407078E-008
   78.199999999999278      ,   -8.1327486234391209E-008
   78.299999999999272      ,   -8.1043568699980777E-008
   78.399999999999267      ,   -8.0760997529086379E-008
   78.499999999999261      ,   -8.0479764663309325E-008
   78.599999999999255      ,   -8.0199862102444551E-008
   78.699999999999250      ,   -7.9921281903987898E-008
   78.799999999999244      ,   -7.9644016182650492E-008
   78.899999999999238      ,   -7.9368057109875190E-008
   78.999999999999233      ,   -7.9093396913359359E-008
   79.099999999999227      ,   -7.8820027876581644E-008
   79.199999999999221      ,   -7.8547942338333372E-008
   79.299999999999216      ,   -7.8277132692254970E-008
   79.399999999999210      ,   -7.8007591386375434E-008
   79.499999999999204      ,   -7.7739310922657602E-008
   79.599999999999199      ,   -7.7472283856548636E-008
   79.699999999999193      ,   -7.7206502796531034E-008
   79.799999999999187      ,   -7.6941960403681836E-008
   79.899999999999181      ,   -7.6678649391235497E-008
   79.999999999999176      ,   -7.6416562524146967E-008
