  0.10000000000000001       ,   -0.88994798302085887     
  0.20000000000000001       ,   -0.22174314880288765     
  0.29999999999999999       ,    -9.8130767972456956E-002
  0.40000000000000002       ,    -5.4928120883719372E-002
  0.50000000000000000       ,    -3.4966353605028311E-002
  0.59999999999999998       ,    -2.4144780879135307E-002
  0.69999999999999996       ,    -1.7634384937057379E-002
  0.79999999999999993       ,    -1.3419239696404224E-002
  0.89999999999999991       ,    -1.0536937112288938E-002
  0.99999999999999989       ,    -8.4809724299911900E-003
   1.0999999999999999       ,    -6.9642236927577369E-003
   1.2000000000000000       ,    -5.8141106820934763E-003
   1.3000000000000000       ,    -4.9218610819826520E-003
   1.4000000000000001       ,    -4.2161759770544070E-003
   1.5000000000000002       ,    -3.6487519035856963E-003
   1.6000000000000003       ,    -3.1859299675831270E-003
   1.7000000000000004       ,    -2.8036788468609711E-003
   1.8000000000000005       ,    -2.4844733074825872E-003
   1.9000000000000006       ,    -2.2152920525370387E-003
   2.0000000000000004       ,    -1.9862987544773864E-003
   2.1000000000000005       ,    -1.7899523664401478E-003
   2.2000000000000006       ,    -1.6203942166522131E-003
   2.3000000000000007       ,    -1.4730177203425964E-003
   2.4000000000000008       ,    -1.3441611006325376E-003
   2.5000000000000009       ,    -1.2308845320345868E-003
   2.6000000000000010       ,    -1.1308062177053126E-003
   2.7000000000000011       ,    -1.0419802504211058E-003
   2.8000000000000012       ,    -9.6280452213023200E-004
   2.9000000000000012       ,    -8.9195052718945569E-004
   3.0000000000000013       ,    -8.2830931119886285E-004
   3.1000000000000014       ,    -7.7094946023829240E-004
   3.2000000000000015       ,    -7.1908416271773711E-004
   3.3000000000000016       ,    -6.7204517390841796E-004
   3.4000000000000017       ,    -6.2926207976064504E-004
   3.5000000000000018       ,    -5.9024566350885635E-004
   3.6000000000000014       ,    -5.5457447392625128E-004
   3.7000000000000015       ,    -5.2188391064224185E-004
   3.8000000000000016       ,    -4.9185730219842899E-004
   3.9000000000000017       ,    -4.6421857217370053E-004
   4.0000000000000018       ,    -4.3872617879068935E-004
   4.1000000000000023       ,    -4.1516808176719511E-004
   4.2000000000000020       ,    -3.9335754242553222E-004
   4.3000000000000025       ,    -3.7312960329445713E-004
   4.4000000000000021       ,    -3.5433812460865911E-004
   4.5000000000000027       ,    -3.3685327941967947E-004
   4.6000000000000023       ,    -3.2055942810439708E-004
   4.7000000000000020       ,    -3.0535330810733762E-004
   4.8000000000000025       ,    -2.9114248669386629E-004
   4.9000000000000021       ,    -2.7784403401513849E-004
   5.0000000000000027       ,    -2.6538338141951674E-004
   5.1000000000000023       ,    -2.5369333609330324E-004
   5.2000000000000028       ,    -2.4271322808805355E-004
   5.3000000000000025       ,    -2.3238816983388514E-004
   5.4000000000000030       ,    -2.2266841153692707E-004
   5.5000000000000027       ,    -2.1350877856161647E-004
   5.6000000000000032       ,    -2.0486817912161024E-004
   5.7000000000000028       ,    -1.9670917243822173E-004
   5.8000000000000034       ,    -1.8899758904592734E-004
   5.9000000000000030       ,    -1.8170219618861405E-004
   6.0000000000000036       ,    -1.7479440230480761E-004
   6.1000000000000032       ,    -1.6824799548262215E-004
   6.2000000000000037       ,    -1.6203891150593874E-004
   6.3000000000000034       ,    -1.5614502773707097E-004
   6.4000000000000039       ,    -1.5054597960777324E-004
   6.5000000000000036       ,    -1.4522299693642637E-004
   6.6000000000000041       ,    -1.4015875766782383E-004
   6.7000000000000037       ,    -1.3533725695425401E-004
   6.8000000000000034       ,    -1.3074368977164774E-004
   6.9000000000000039       ,    -1.2636434549982670E-004
   7.0000000000000036       ,    -1.2218651309766959E-004
   7.1000000000000041       ,    -1.1819839567742483E-004
   7.2000000000000037       ,    -1.1438903343181449E-004
   7.3000000000000043       ,    -1.1074823399650085E-004
   7.4000000000000039       ,    -1.0726650944208919E-004
   7.5000000000000044       ,    -1.0393501918653656E-004
   7.6000000000000032       ,    -1.0074551820286739E-004
   7.7000000000000028       ,    -9.7690309970186679E-005
   7.8000000000000016       ,    -9.4762203679742165E-005
   7.9000000000000012       ,    -9.1954475263474050E-005
   8.0000000000000000       ,    -8.9260831861207246E-005
   8.0999999999999996       ,    -8.6675379385377327E-005
   8.1999999999999993       ,    -8.4192592879661797E-005
   8.2999999999999989       ,    -8.1807289400896555E-005
   8.3999999999999968       ,    -7.9514603182718099E-005
   8.4999999999999964       ,    -7.7309962864991394E-005
   8.5999999999999961       ,    -7.5189070595770753E-005
   8.6999999999999957       ,    -7.3147882832562815E-005
   8.7999999999999936       ,    -7.1182592687457161E-005
   8.8999999999999932       ,    -6.9289613676437879E-005
   8.9999999999999929       ,    -6.7465564747224021E-005
   9.0999999999999925       ,    -6.5707256472454561E-005
   9.1999999999999922       ,    -6.4011678306145296E-005
   9.2999999999999901       ,    -6.2375986811271788E-005
   9.3999999999999897       ,    -6.0797494775190254E-005
   9.4999999999999893       ,    -5.9273661137528553E-005
   9.5999999999999890       ,    -5.7802081662294602E-005
   9.6999999999999869       ,    -5.6380480292294440E-005
   9.7999999999999865       ,    -5.5006701129681224E-005
   9.8999999999999861       ,    -5.3678700991586931E-005
   9.9999999999999858       ,    -5.2394542494404467E-005
   10.099999999999985       ,    -5.1152387624456154E-005
   10.199999999999983       ,    -4.9950491756529677E-005
   10.299999999999983       ,    -4.8787198085155787E-005
   10.399999999999983       ,    -4.7660932436551712E-005
   10.499999999999982       ,    -4.6570198431933208E-005
   10.599999999999980       ,    -4.5513572975391799E-005
   10.699999999999980       ,    -4.4489702041812928E-005
   10.799999999999979       ,    -4.3497296742359445E-005
   10.899999999999979       ,    -4.2535129646923688E-005
   10.999999999999977       ,    -4.1602031344644835E-005
   11.099999999999977       ,    -4.0696887225129442E-005
   11.199999999999976       ,    -3.9818634464426788E-005
   11.299999999999976       ,    -3.8966259201084762E-005
   11.399999999999975       ,    -3.8138793888783183E-005
   11.499999999999973       ,    -3.7335314813106215E-005
   11.599999999999973       ,    -3.6554939760988709E-005
   11.699999999999973       ,    -3.5796825832262289E-005
   11.799999999999972       ,    -3.5060167383539469E-005
   11.899999999999970       ,    -3.4344194095417326E-005
   11.999999999999970       ,    -3.3648169154672481E-005
   12.099999999999969       ,    -3.2971387543733304E-005
   12.199999999999969       ,    -3.2313174430298324E-005
   12.299999999999969       ,    -3.1672883650496062E-005
   12.399999999999967       ,    -3.1049896279459295E-005
   12.499999999999966       ,    -3.0443619283642589E-005
   12.599999999999966       ,    -2.9853484249609199E-005
   12.699999999999966       ,    -2.9278946184403397E-005
   12.799999999999963       ,    -2.8719482382962568E-005
   12.899999999999963       ,    -2.8174591358346272E-005
   12.999999999999963       ,    -2.7643791830858646E-005
   13.099999999999962       ,    -2.7126621772407853E-005
   13.199999999999960       ,    -2.6622637502701284E-005
   13.299999999999960       ,    -2.6131412834108537E-005
   13.399999999999959       ,    -2.5652538262238117E-005
   13.499999999999959       ,    -2.5185620199472755E-005
   13.599999999999959       ,    -2.4730280248894599E-005
   13.699999999999957       ,    -2.4286154516201142E-005
   13.799999999999956       ,    -2.3852892957371177E-005
   13.899999999999956       ,    -2.3430158759986837E-005
   13.999999999999956       ,    -2.3017627756254900E-005
   14.099999999999953       ,    -2.2614987865896636E-005
   14.199999999999953       ,    -2.2221938567193135E-005
   14.299999999999953       ,    -2.1838190394580347E-005
   14.399999999999952       ,    -2.1463464461295861E-005
   14.499999999999952       ,    -2.1097492005663287E-005
   14.599999999999950       ,    -2.0740013959700943E-005
   14.699999999999950       ,    -2.0390780538811766E-005
   14.799999999999949       ,    -2.0049550851396151E-005
   14.899999999999949       ,    -1.9716092527295632E-005
   14.999999999999948       ,    -1.9390181364043886E-005
   15.099999999999950       ,    -1.9071600989963102E-005
   15.199999999999951       ,    -1.8760142543201065E-005
   15.299999999999951       ,    -1.8455604365858955E-005
   15.399999999999952       ,    -1.8157791712409288E-005
   15.499999999999954       ,    -1.7866516471652942E-005
   15.599999999999955       ,    -1.7581596901503786E-005
   15.699999999999955       ,    -1.7302857375937311E-005
   15.799999999999956       ,    -1.7030128143470127E-005
   15.899999999999958       ,    -1.6763245096582023E-005
   15.999999999999957       ,    -1.6502049551518415E-005
   16.099999999999959       ,    -1.6246388037948267E-005
   16.199999999999960       ,    -1.5996112097979463E-005
   16.299999999999962       ,    -1.5751078094061710E-005
   16.399999999999963       ,    -1.5511147025335321E-005
   16.499999999999961       ,    -1.5276184352005603E-005
   16.599999999999962       ,    -1.5046059827348995E-005
   16.699999999999964       ,    -1.4820647336975080E-005
   16.799999999999965       ,    -1.4599824744993285E-005
   16.899999999999967       ,    -1.4383473746748149E-005
   16.999999999999968       ,    -1.4171479727808012E-005
   17.099999999999969       ,    -1.3963731628906772E-005
   17.199999999999967       ,    -1.3760121816556371E-005
   17.299999999999969       ,    -1.3560545959060689E-005
   17.399999999999970       ,    -1.3364902907676847E-005
   17.499999999999972       ,    -1.3173094582683444E-005
   17.599999999999973       ,    -1.2985025864126465E-005
   17.699999999999974       ,    -1.2800604487026755E-005
   17.799999999999976       ,    -1.2619740940843830E-005
   17.899999999999974       ,    -1.2442348373000337E-005
   17.999999999999975       ,    -1.2268342496283618E-005
   18.099999999999977       ,    -1.2097641499946523E-005
   18.199999999999978       ,    -1.1930165964343171E-005
   18.299999999999979       ,    -1.1765838778939751E-005
   18.399999999999981       ,    -1.1604585063549912E-005
   18.499999999999979       ,    -1.1446332092652653E-005
   18.599999999999980       ,    -1.1291009222655491E-005
   18.699999999999982       ,    -1.1138547821974774E-005
   18.799999999999983       ,    -1.0988881203809224E-005
   18.899999999999984       ,    -1.0841944561490284E-005
   18.999999999999986       ,    -1.0697674906297642E-005
   19.099999999999987       ,    -1.0556011007633931E-005
   19.199999999999985       ,    -1.0416893335458062E-005
   19.299999999999986       ,    -1.0280264004880128E-005
   19.399999999999988       ,    -1.0146066722827642E-005
   19.499999999999989       ,    -1.0014246736694406E-005
   19.599999999999991       ,    -9.8847507848902469E-006
   19.699999999999992       ,    -9.7575270492109844E-006
   19.799999999999994       ,    -9.6325251089540392E-006
   19.899999999999991       ,    -9.5096958967074226E-006
   19.999999999999993       ,    -9.3889916557423466E-006
   20.099999999999994       ,    -9.2703658989453294E-006
   20.199999999999996       ,    -9.1537733692259441E-006
   20.299999999999997       ,    -9.0391700013407882E-006
   20.399999999999999       ,    -8.9265128850766625E-006
   20.500000000000000       ,    -8.8157602297382731E-006
   20.599999999999998       ,    -8.7068713298883335E-006
   20.699999999999999       ,    -8.5998065322900645E-006
   20.800000000000001       ,    -8.4945272040050938E-006
   20.900000000000002       ,    -8.3909957016005135E-006
   21.000000000000004       ,    -8.2891753414219846E-006
   21.100000000000005       ,    -8.1890303708914036E-006
   21.200000000000003       ,    -8.0905259407887388E-006
   21.300000000000004       ,    -7.9936280784807814E-006
   21.400000000000006       ,    -7.8983036620596017E-006
   21.500000000000007       ,    -7.8045203953562324E-006
   21.600000000000009       ,    -7.7122467837962927E-006
   21.700000000000010       ,    -7.6214521110649728E-006
   21.800000000000011       ,    -7.5321064165516605E-006
   21.900000000000009       ,    -7.4441804735439387E-006
   22.000000000000011       ,    -7.3576457681435489E-006
   22.100000000000012       ,    -7.2724744788770452E-006
   22.200000000000014       ,    -7.1886394569752848E-006
   22.300000000000015       ,    -7.1061142072973374E-006
   22.400000000000016       ,    -7.0248728698746479E-006
   22.500000000000018       ,    -6.9448902020530328E-006
   22.600000000000016       ,    -6.8661415612104747E-006
   22.700000000000017       ,    -6.7886028880299231E-006
   22.800000000000018       ,    -6.7122506903069323E-006
   22.900000000000020       ,    -6.6370620272727742E-006
   23.000000000000021       ,    -6.5630144944146327E-006
   23.100000000000023       ,    -6.4900862087752180E-006
   23.200000000000024       ,    -6.4182557947142838E-006
   23.300000000000022       ,    -6.3475023701162778E-006
   23.400000000000023       ,    -6.2778055330278817E-006
   23.500000000000025       ,    -6.2091453487105634E-006
   23.600000000000026       ,    -6.1415023370936021E-006
   23.700000000000028       ,    -6.0748574606134157E-006
   23.800000000000029       ,    -6.0091921124261357E-006
   23.900000000000027       ,    -5.9444881049801472E-006
   24.000000000000028       ,    -5.8807276589364513E-006
   24.100000000000030       ,    -5.8178933924247857E-006
   24.200000000000031       ,    -5.7559683106239711E-006
   24.300000000000033       ,    -5.6949357956557109E-006
   24.400000000000034       ,    -5.6347795967809380E-006
   24.500000000000036       ,    -5.5754838208885905E-006
   24.600000000000033       ,    -5.5170329232669229E-006
   24.700000000000035       ,    -5.4594116986482085E-006
   24.800000000000036       ,    -5.4026052725170817E-006
   24.900000000000038       ,    -5.3465990926743910E-006
   25.000000000000039       ,    -5.2913789210477430E-006
   25.100000000000041       ,    -5.2369308257406432E-006
   25.200000000000042       ,    -5.1832411733124950E-006
   25.300000000000040       ,    -5.1302966212819029E-006
   25.400000000000041       ,    -5.0780841108457115E-006
   25.500000000000043       ,    -5.0265908598073023E-006
   25.600000000000044       ,    -4.9758043557068419E-006
   25.700000000000045       ,    -4.9257123491472693E-006
   25.800000000000047       ,    -4.8763028473097100E-006
   25.900000000000048       ,    -4.8275641076521507E-006
   26.000000000000046       ,    -4.7794846317855955E-006
   26.100000000000048       ,    -4.7320531595221831E-006
   26.200000000000049       ,    -4.6852586630894868E-006
   26.300000000000050       ,    -4.6390903415061435E-006
   26.400000000000052       ,    -4.5935376151135625E-006
   26.500000000000053       ,    -4.5485901202587361E-006
   26.600000000000051       ,    -4.5042377041237189E-006
   26.700000000000053       ,    -4.4604704196968187E-006
   26.800000000000054       ,    -4.4172785208816233E-006
   26.900000000000055       ,    -4.3746524577389800E-006
   27.000000000000057       ,    -4.3325828718586153E-006
   27.100000000000058       ,    -4.2910605918555551E-006
   27.200000000000060       ,    -4.2500766289883796E-006
   27.300000000000058       ,    -4.2096221728948504E-006
   27.400000000000059       ,    -4.1696885874420388E-006
   27.500000000000060       ,    -4.1302674066869537E-006
   27.600000000000062       ,    -4.0913503309445963E-006
   27.700000000000063       ,    -4.0529292229603102E-006
   27.800000000000065       ,    -4.0149961041830810E-006
   27.900000000000066       ,    -3.9775431511368754E-006
   28.000000000000064       ,    -3.9405626918871394E-006
   28.100000000000065       ,    -3.9040472025997367E-006
   28.200000000000067       ,    -3.8679893041893273E-006
   28.300000000000068       ,    -3.8323817590548398E-006
   28.400000000000070       ,    -3.7972174678992565E-006
   28.500000000000071       ,    -3.7624894666315568E-006
   28.600000000000072       ,    -3.7281909233480572E-006
   28.700000000000070       ,    -3.6943151353911381E-006
   28.800000000000072       ,    -3.6608555264830203E-006
   28.900000000000073       ,    -3.6278056439323203E-006
   29.000000000000075       ,    -3.5951591559115909E-006
   29.100000000000076       ,    -3.5629098488035090E-006
   29.200000000000077       ,    -3.5310516246138488E-006
   29.300000000000075       ,    -3.4995784984495315E-006
   29.400000000000077       ,    -3.4684845960596150E-006
   29.500000000000078       ,    -3.4377641514376331E-006
   29.600000000000080       ,    -3.4074115044835457E-006
   29.700000000000081       ,    -3.3774210987235607E-006
   29.800000000000082       ,    -3.3477874790862465E-006
   29.900000000000084       ,    -3.3185052897334468E-006
   30.000000000000082       ,    -3.2895692719442612E-006
   30.100000000000083       ,    -3.2609742620509027E-006
   30.200000000000085       ,    -3.2327151894247984E-006
   30.300000000000086       ,    -3.2047870745115894E-006
   30.400000000000087       ,    -3.1771850269138176E-006
   30.500000000000089       ,    -3.1499042435197703E-006
   30.600000000000090       ,    -3.1229400066774441E-006
   30.700000000000088       ,    -3.0962876824123029E-006
   30.800000000000090       ,    -3.0699427186876097E-006
   30.900000000000091       ,    -3.0439006437062824E-006
   31.000000000000092       ,    -3.0181570642530526E-006
   31.100000000000094       ,    -2.9927076640759691E-006
   31.200000000000095       ,    -2.9675482023060547E-006
   31.300000000000097       ,    -2.9426745119142088E-006
   31.400000000000095       ,    -2.9180824982043415E-006
   31.500000000000096       ,    -2.8937681373417059E-006
   31.600000000000097       ,    -2.8697274749156538E-006
   31.700000000000099       ,    -2.8459566245357608E-006
   31.800000000000100       ,    -2.8224517664604753E-006
   31.900000000000102       ,    -2.7992091462575507E-006
   32.000000000000099       ,    -2.7762250734952775E-006
   32.100000000000101       ,    -2.7534959204638048E-006
   32.200000000000102       ,    -2.7310181209257920E-006
   32.300000000000104       ,    -2.7087881688955447E-006
   32.400000000000105       ,    -2.6868026174459907E-006
   32.500000000000107       ,    -2.6650580775426694E-006
   32.600000000000108       ,    -2.6435512169042755E-006
   32.700000000000109       ,    -2.6222787588886668E-006
   32.800000000000111       ,    -2.6012374814042601E-006
   32.900000000000112       ,    -2.5804242158455279E-006
   33.000000000000114       ,    -2.5598358460525485E-006
   33.100000000000108       ,    -2.5394693072936364E-006
   33.200000000000109       ,    -2.5193215852706872E-006
   33.300000000000111       ,    -2.4993897151464734E-006
   33.400000000000112       ,    -2.4796707805935499E-006
   33.500000000000114       ,    -2.4601619128640961E-006
   33.600000000000115       ,    -2.4408602898801562E-006
   33.700000000000117       ,    -2.4217631353439225E-006
   33.800000000000118       ,    -2.4028677178673524E-006
   33.900000000000119       ,    -2.3841713501208958E-006
   34.000000000000121       ,    -2.3656713880005748E-006
   34.100000000000122       ,    -2.3473652298132128E-006
   34.200000000000124       ,    -2.3292503154792544E-006
   34.300000000000125       ,    -2.3113241257527691E-006
   34.400000000000119       ,    -2.2935841814581598E-006
   34.500000000000121       ,    -2.2760280427433228E-006
   34.600000000000122       ,    -2.2586533083487231E-006
   34.700000000000124       ,    -2.2414576148919933E-006
   34.800000000000125       ,    -2.2244386361678517E-006
   34.900000000000126       ,    -2.2075940824627364E-006
   35.000000000000128       ,    -2.1909216998840293E-006
   35.100000000000129       ,    -2.1744192697033395E-006
   35.200000000000131       ,    -2.1580846077136281E-006
   35.300000000000132       ,    -2.1419155635997921E-006
   35.400000000000134       ,    -2.1259100203224233E-006
   35.500000000000135       ,    -2.1100658935144168E-006
   35.600000000000136       ,    -2.0943811308900628E-006
   35.700000000000138       ,    -2.0788537116664773E-006
   35.800000000000132       ,    -2.0634816459969650E-006
   35.900000000000134       ,    -2.0482629744160191E-006
   36.000000000000135       ,    -2.0331957672958096E-006
   36.100000000000136       ,    -2.0182781243137618E-006
   36.200000000000138       ,    -2.0035081739310877E-006
   36.300000000000139       ,    -1.9888840728818544E-006
   36.400000000000141       ,    -1.9744040056725689E-006
   36.500000000000142       ,    -1.9600661840918699E-006
   36.600000000000144       ,    -1.9458688467300782E-006
   36.700000000000145       ,    -1.9318102585085624E-006
   36.800000000000146       ,    -1.9178887102184936E-006
   36.900000000000148       ,    -1.9041025180688895E-006
   37.000000000000149       ,    -1.8904500232437363E-006
   37.100000000000144       ,    -1.8769295914679161E-006
   37.200000000000145       ,    -1.8635396125817943E-006
   37.300000000000146       ,    -1.8502785001242854E-006
   37.400000000000148       ,    -1.8371446909241691E-006
   37.500000000000149       ,    -1.8241366446994569E-006
   37.600000000000151       ,    -1.8112528436647077E-006
   37.700000000000152       ,    -1.7984917921460428E-006
   37.800000000000153       ,    -1.7858520162037029E-006
   37.900000000000155       ,    -1.7733320632620186E-006
   38.000000000000156       ,    -1.7609305017465816E-006
   38.100000000000158       ,    -1.7486459207284862E-006
   38.200000000000159       ,    -1.7364769295754846E-006
   38.300000000000161       ,    -1.7244221576098897E-006
   38.400000000000162       ,    -1.7124802537731100E-006
   38.500000000000156       ,    -1.7006498862966102E-006
   38.600000000000158       ,    -1.6889297423792335E-006
   38.700000000000159       ,    -1.6773185278707031E-006
   38.800000000000161       ,    -1.6658149669611688E-006
   38.900000000000162       ,    -1.6544178018766999E-006
   39.000000000000163       ,    -1.6431257925805305E-006
   39.100000000000165       ,    -1.6319377164800233E-006
   39.200000000000166       ,    -1.6208523681391608E-006
   39.300000000000168       ,    -1.6098685589964884E-006
   39.400000000000169       ,    -1.5989851170883241E-006
   39.500000000000171       ,    -1.5882008867772431E-006
   39.600000000000172       ,    -1.5775147284855947E-006
   39.700000000000173       ,    -1.5669255184340394E-006
   39.800000000000168       ,    -1.5564321483849580E-006
   39.900000000000169       ,    -1.5460335253906210E-006
   40.000000000000171       ,    -1.5357285715460656E-006
   40.100000000000172       ,    -1.5255162237465314E-006
   40.200000000000173       ,    -1.5153954334493728E-006
   40.300000000000175       ,    -1.5053651664404074E-006
   40.400000000000176       ,    -1.4954244026044757E-006
   40.500000000000178       ,    -1.4855721357003121E-006
   40.600000000000179       ,    -1.4758073731394630E-006
   40.700000000000180       ,    -1.4661291357692903E-006
   40.800000000000182       ,    -1.4565364576598916E-006
   40.900000000000183       ,    -1.4470283858948977E-006
   41.000000000000185       ,    -1.4376039803661355E-006
   41.100000000000186       ,    -1.4282623135718706E-006
   41.200000000000180       ,    -1.4190024704188287E-006
   41.300000000000182       ,    -1.4098235480276894E-006
   41.400000000000183       ,    -1.4007246555421178E-006
   41.500000000000185       ,    -1.3917049139412140E-006
   41.600000000000186       ,    -1.3827634558552956E-006
   41.700000000000188       ,    -1.3738994253850055E-006
   41.800000000000189       ,    -1.3651119779235903E-006
   41.900000000000190       ,    -1.3564002799823743E-006
   42.000000000000192       ,    -1.3477635090193154E-006
   42.100000000000193       ,    -1.3392008532705733E-006
   42.200000000000195       ,    -1.3307115115850825E-006
   42.300000000000196       ,    -1.3222946932619989E-006
   42.400000000000198       ,    -1.3139496178910275E-006
   42.500000000000192       ,    -1.3056755151955315E-006
   42.600000000000193       ,    -1.2974716248783984E-006
   42.700000000000195       ,    -1.2893371964705655E-006
   42.800000000000196       ,    -1.2812714891822221E-006
   42.900000000000198       ,    -1.2732737717565474E-006
   43.000000000000199       ,    -1.2653433223260312E-006
   43.100000000000200       ,    -1.2574794282712307E-006
   43.200000000000202       ,    -1.2496813860819846E-006
   43.300000000000203       ,    -1.2419485012210341E-006
   43.400000000000205       ,    -1.2342800879899262E-006
   43.500000000000206       ,    -1.2266754693973024E-006
   43.600000000000207       ,    -1.2191339770293234E-006
   43.700000000000209       ,    -1.2116549509224348E-006
   43.800000000000210       ,    -1.2042377394381732E-006
   43.900000000000205       ,    -1.1968816991401794E-006
   44.000000000000206       ,    -1.1895861946732638E-006
   44.100000000000207       ,    -1.1823505986445155E-006
   44.200000000000209       ,    -1.1751742915064359E-006
   44.300000000000210       ,    -1.1680566614420027E-006
   44.400000000000212       ,    -1.1609971042516946E-006
   44.500000000000213       ,    -1.1539950232424051E-006
   44.600000000000215       ,    -1.1470498291181946E-006
   44.700000000000216       ,    -1.1401609398728774E-006
   44.800000000000217       ,    -1.1333277806844140E-006
   44.900000000000219       ,    -1.1265497838110209E-006
   45.000000000000220       ,    -1.1198263884890182E-006
   45.100000000000222       ,    -1.1131570408323867E-006
   45.200000000000216       ,    -1.1065411937339544E-006
   45.300000000000217       ,    -1.0999783067682105E-006
   45.400000000000219       ,    -1.0934678460957450E-006
   45.500000000000220       ,    -1.0870092843692309E-006
   45.600000000000222       ,    -1.0806021006409342E-006
   45.700000000000223       ,    -1.0742457802717757E-006
   45.800000000000225       ,    -1.0679398148418254E-006
   45.900000000000226       ,    -1.0616837020622837E-006
   46.000000000000227       ,    -1.0554769456888972E-006
   46.100000000000229       ,    -1.0493190554367309E-006
   46.200000000000230       ,    -1.0432095468963698E-006
   46.300000000000232       ,    -1.0371479414514391E-006
   46.400000000000233       ,    -1.0311337661974729E-006
   46.500000000000234       ,    -1.0251665538620547E-006
   46.600000000000229       ,    -1.0192458427262693E-006
   46.700000000000230       ,    -1.0133711765474069E-006
   46.800000000000232       ,    -1.0075421044828653E-006
   46.900000000000233       ,    -1.0017581810153162E-006
   47.000000000000234       ,    -9.9601896587901262E-007
   47.100000000000236       ,    -9.9032402398730210E-007
   47.200000000000237       ,    -9.8467292536126020E-007
   47.300000000000239       ,    -9.7906524505947071E-007
   47.400000000000240       ,    -9.7350056310889827E-007
   47.500000000000242       ,    -9.6797846443684295E-007
   47.600000000000243       ,    -9.6249853880400101E-007
   47.700000000000244       ,    -9.5706038073851804E-007
   47.800000000000246       ,    -9.5166358947111939E-007
   47.900000000000240       ,    -9.4630776887122152E-007
   48.000000000000242       ,    -9.4099252738406217E-007
   48.100000000000243       ,    -9.3571747796878607E-007
   48.200000000000244       ,    -9.3048223803751368E-007
   48.300000000000246       ,    -9.2528642939532347E-007
   48.400000000000247       ,    -9.2012967818118762E-007
   48.500000000000249       ,    -9.1501161480980661E-007
   48.600000000000250       ,    -9.0993187391433677E-007
   48.700000000000252       ,    -9.0489009429000319E-007
   48.800000000000253       ,    -8.9988591883857650E-007
   48.900000000000254       ,    -8.9491899451367537E-007
   49.000000000000256       ,    -8.8998897226695902E-007
   49.100000000000257       ,    -8.8509550699507049E-007
   49.200000000000259       ,    -8.8023825748743922E-007
   49.300000000000253       ,    -8.7541688637484752E-007
   49.400000000000254       ,    -8.7063106007878866E-007
   49.500000000000256       ,    -8.6588044876158062E-007
   49.600000000000257       ,    -8.6116472627724612E-007
   49.700000000000259       ,    -8.5648357012311516E-007
   49.800000000000260       ,    -8.5183666139216741E-007
   49.900000000000261       ,    -8.4722368472607967E-007
   50.000000000000263       ,    -8.4264432826899115E-007
   50.100000000000264       ,    -8.3809828362193149E-007
   50.200000000000266       ,    -8.3358524579796094E-007
   50.300000000000267       ,    -8.2910491317795999E-007
   50.400000000000269       ,    -8.2465698746707118E-007
   50.500000000000270       ,    -8.2024117365179774E-007
   50.600000000000264       ,    -8.1585717995773379E-007
   50.700000000000266       ,    -8.1150471780791436E-007
   50.800000000000267       ,    -8.0718350178178393E-007
   50.900000000000269       ,    -8.0289324957476399E-007
   51.000000000000270       ,    -7.9863368195842102E-007
   51.100000000000271       ,    -7.9440452274120747E-007
   51.200000000000273       ,    -7.9020549872979301E-007
   51.300000000000274       ,    -7.8603633969093565E-007
   51.400000000000276       ,    -7.8189677831393682E-007
   51.500000000000277       ,    -7.7778655017362355E-007
   51.600000000000279       ,    -7.7370539369387253E-007
   51.700000000000280       ,    -7.6965305011165849E-007
   51.800000000000281       ,    -7.6562926344164264E-007
   51.900000000000283       ,    -7.6163378044123426E-007
   52.000000000000277       ,    -7.5766635057619319E-007
   52.100000000000279       ,    -7.5372672598671328E-007
   52.200000000000280       ,    -7.4981466145398206E-007
   52.300000000000281       ,    -7.4592991436723051E-007
   52.400000000000283       ,    -7.4207224469125466E-007
   52.500000000000284       ,    -7.3824141493440066E-007
   52.600000000000286       ,    -7.3443719011699328E-007
   52.700000000000287       ,    -7.3065933774023579E-007
   52.800000000000288       ,    -7.2690762775552873E-007
   52.900000000000290       ,    -7.2318183253423921E-007
   53.000000000000291       ,    -7.1948172683789298E-007
   53.100000000000293       ,    -7.1580708778877929E-007
   53.200000000000294       ,    -7.1215769484098407E-007
   53.300000000000288       ,    -7.0853332975182545E-007
   53.400000000000290       ,    -7.0493377655367287E-007
   53.500000000000291       ,    -7.0135882152619888E-007
   53.600000000000293       ,    -6.9780825316898211E-007
   53.700000000000294       ,    -6.9428186217450925E-007
   53.800000000000296       ,    -6.9077944140155479E-007
   53.900000000000297       ,    -6.8730078584892676E-007
   54.000000000000298       ,    -6.8384569262957721E-007
   54.100000000000300       ,    -6.8041396094507892E-007
   54.200000000000301       ,    -6.7700539206043507E-007
   54.300000000000303       ,    -6.7361978927926697E-007
   54.400000000000304       ,    -6.7025695791931683E-007
   54.500000000000306       ,    -6.6691670528830318E-007
   54.600000000000307       ,    -6.6359884066010518E-007
   54.700000000000301       ,    -6.6030317525126484E-007
   54.800000000000303       ,    -6.5702952219782482E-007
   54.900000000000304       ,    -6.5377769653248025E-007
   55.000000000000306       ,    -6.5054751516202327E-007
   55.100000000000307       ,    -6.4733879684512241E-007
   55.200000000000308       ,    -6.4415136217038700E-007
   55.300000000000310       ,    -6.4098503353473476E-007
   55.400000000000311       ,    -6.3783963512205062E-007
   55.500000000000313       ,    -6.3471499288213272E-007
   55.600000000000314       ,    -6.3161093450992419E-007
   55.700000000000315       ,    -6.2852728942503371E-007
   55.800000000000317       ,    -6.2546388875151226E-007
   55.900000000000318       ,    -6.2242056529791930E-007
   56.000000000000313       ,    -6.1939715353764696E-007
   56.100000000000314       ,    -6.1639348958950998E-007
   56.200000000000315       ,    -6.1340941119859383E-007
   56.300000000000317       ,    -6.1044475771736348E-007
   56.400000000000318       ,    -6.0749937008701405E-007
   56.500000000000320       ,    -6.0457309081907949E-007
   56.600000000000321       ,    -6.0166576397727622E-007
   56.700000000000323       ,    -5.9877723515959794E-007
   56.800000000000324       ,    -5.9590735148063335E-007
   56.900000000000325       ,    -5.9305596155412917E-007
   57.000000000000327       ,    -5.9022291547578189E-007
   57.100000000000328       ,    -5.8740806480624673E-007
   57.200000000000330       ,    -5.8461126255437773E-007
   57.300000000000331       ,    -5.8183236316068274E-007
   57.400000000000325       ,    -5.7907122248101116E-007
   57.500000000000327       ,    -5.7632769777042134E-007
   57.600000000000328       ,    -5.7360164766729419E-007
   57.700000000000330       ,    -5.7089293217762852E-007
   57.800000000000331       ,    -5.6820141265955963E-007
   57.900000000000333       ,    -5.6552695180805976E-007
   58.000000000000334       ,    -5.6286941363985202E-007
   58.100000000000335       ,    -5.6022866347851141E-007
   58.200000000000337       ,    -5.5760456793976676E-007
   58.300000000000338       ,    -5.5499699491697212E-007
   58.400000000000340       ,    -5.5240581356679444E-007
   58.500000000000341       ,    -5.4983089429506219E-007
   58.600000000000342       ,    -5.4727210874280605E-007
   58.700000000000337       ,    -5.4472932977247026E-007
   58.800000000000338       ,    -5.4220243145431226E-007
   58.900000000000340       ,    -5.3969128905296555E-007
   59.000000000000341       ,    -5.3719577901417463E-007
   59.100000000000342       ,    -5.3471577895171436E-007
   59.200000000000344       ,    -5.3225116763444363E-007
   59.300000000000345       ,    -5.2980182497355896E-007
   59.400000000000347       ,    -5.2736763200998178E-007
   59.500000000000348       ,    -5.2494847090192249E-007
   59.600000000000350       ,    -5.2254422491259360E-007
   59.700000000000344       ,    -5.2015477839808005E-007
   59.800000000000338       ,    -5.1778001679535523E-007
   59.900000000000333       ,    -5.1541982661046225E-007
   60.000000000000327       ,    -5.1307409540683189E-007
   60.100000000000321       ,    -5.1074271179374575E-007
   60.200000000000315       ,    -5.0842556541495261E-007
   60.300000000000310       ,    -5.0612254693741555E-007
   60.400000000000304       ,    -5.0383354804021404E-007
   60.500000000000298       ,    -5.0155846140356893E-007
   60.600000000000293       ,    -4.9929718069800879E-007
   60.700000000000287       ,    -4.9704960057368070E-007
   60.800000000000281       ,    -4.9481561664977487E-007
   60.900000000000276       ,    -4.9259512550409393E-007
   61.000000000000270       ,    -4.9038802466274829E-007
   61.100000000000264       ,    -4.8819421258997720E-007
   61.200000000000259       ,    -4.8601358867808200E-007
   61.300000000000253       ,    -4.8384605323752181E-007
   61.400000000000247       ,    -4.8169150748707950E-007
   61.500000000000242       ,    -4.7954985354418248E-007
   61.600000000000236       ,    -4.7742099441533361E-007
   61.700000000000230       ,    -4.7530483398666006E-007
   61.800000000000225       ,    -4.7320127701456479E-007
   61.900000000000219       ,    -4.7111022911651481E-007
   62.000000000000213       ,    -4.6903159676191538E-007
   62.100000000000207       ,    -4.6696528726311841E-007
   62.200000000000202       ,    -4.6491120876652388E-007
   62.300000000000196       ,    -4.6286927024379526E-007
   62.400000000000190       ,    -4.6083938148318091E-007
   62.500000000000185       ,    -4.5882145308093448E-007
   62.600000000000179       ,    -4.5681539643285047E-007
   62.700000000000173       ,    -4.5482112372588541E-007
   62.800000000000168       ,    -4.5283854792989706E-007
   62.900000000000162       ,    -4.5086758278946560E-007
   63.000000000000156       ,    -4.4890814281582809E-007
   63.100000000000151       ,    -4.4696014327889324E-007
   63.200000000000145       ,    -4.4502350019937000E-007
   63.300000000000139       ,    -4.4309813034097146E-007
   63.400000000000134       ,    -4.4118395120272179E-007
   63.500000000000128       ,    -4.3928088101135815E-007
   63.600000000000122       ,    -4.3738883871380662E-007
   63.700000000000117       ,    -4.3550774396976556E-007
   63.800000000000111       ,    -4.3363751714436613E-007
   63.900000000000105       ,    -4.3177807930092162E-007
   64.000000000000099       ,    -4.2992935219376108E-007
   64.100000000000094       ,    -4.2809125826115114E-007
   64.200000000000088       ,    -4.2626372061829308E-007
   64.300000000000082       ,    -4.2444666305041157E-007
   64.400000000000077       ,    -4.2264001000592183E-007
   64.500000000000071       ,    -4.2084368658966715E-007
   64.600000000000065       ,    -4.1905761855625076E-007
   64.700000000000060       ,    -4.1728173230342856E-007
   64.800000000000054       ,    -4.1551595486559868E-007
   64.900000000000048       ,    -4.1376021390734519E-007
   65.000000000000043       ,    -4.1201443771707570E-007
   65.100000000000037       ,    -4.1027855520071816E-007
   65.200000000000031       ,    -4.0855249587549658E-007
   65.300000000000026       ,    -4.0683618986378271E-007
   65.400000000000020       ,    -4.0512956788701332E-007
   65.500000000000014       ,    -4.0343256125967429E-007
   65.600000000000009       ,    -4.0174510188336470E-007
   65.700000000000003       ,    -4.0006712224091724E-007
   65.799999999999997       ,    -3.9839855539059465E-007
   65.899999999999991       ,    -3.9673933496034633E-007
   65.999999999999986       ,    -3.9508939514213764E-007
   66.099999999999980       ,    -3.9344867068633720E-007
   66.199999999999974       ,    -3.9181709689617163E-007
   66.299999999999969       ,    -3.9019460962224191E-007
   66.399999999999963       ,    -3.8858114525710126E-007
   66.499999999999957       ,    -3.8697664072990108E-007
   66.599999999999952       ,    -3.8538103350108681E-007
   66.699999999999946       ,    -3.8379426155716273E-007
   66.799999999999940       ,    -3.8221626340551193E-007
   66.899999999999935       ,    -3.8064697806927560E-007
   66.999999999999929       ,    -3.7908634508228715E-007
   67.099999999999923       ,    -3.7753430448407204E-007
   67.199999999999918       ,    -3.7599079681489159E-007
   67.299999999999912       ,    -3.7445576311085037E-007
   67.399999999999906       ,    -3.7292914489905693E-007
   67.499999999999901       ,    -3.7141088419284112E-007
   67.599999999999895       ,    -3.6990092348701542E-007
   67.699999999999889       ,    -3.6839920575320056E-007
   67.799999999999883       ,    -3.6690567443519724E-007
   67.899999999999878       ,    -3.6542027344440942E-007
   67.999999999999872       ,    -3.6394294715532007E-007
   68.099999999999866       ,    -3.6247364040101564E-007
   68.199999999999861       ,    -3.6101229846876058E-007
   68.299999999999855       ,    -3.5955886709562371E-007
   68.399999999999849       ,    -3.5811329246414430E-007
   68.499999999999844       ,    -3.5667552119805805E-007
   68.599999999999838       ,    -3.5524550035806093E-007
   68.699999999999832       ,    -3.5382317743761937E-007
   68.799999999999827       ,    -3.5240850035883797E-007
   68.899999999999821       ,    -3.5100141746835582E-007
   68.999999999999815       ,    -3.4960187753329685E-007
   69.099999999999810       ,    -3.4820982973727022E-007
   69.199999999999804       ,    -3.4682522367640237E-007
   69.299999999999798       ,    -3.4544800935541512E-007
   69.399999999999793       ,    -3.4407813718375672E-007
   69.499999999999787       ,    -3.4271555797176058E-007
   69.599999999999781       ,    -3.4136022292685637E-007
   69.699999999999775       ,    -3.4001208364981591E-007
   69.799999999999770       ,    -3.3867109213104277E-007
   69.899999999999764       ,    -3.3733720074689966E-007
   69.999999999999758       ,    -3.3601036225608299E-007
   70.099999999999753       ,    -3.3469052979602150E-007
   70.199999999999747       ,    -3.3337765687933011E-007
   70.299999999999741       ,    -3.3207169739028922E-007
   70.399999999999736       ,    -3.3077260558137193E-007
   70.499999999999730       ,    -3.2948033606979913E-007
   70.599999999999724       ,    -3.2819484383413927E-007
   70.699999999999719       ,    -3.2691608421093810E-007
   70.799999999999713       ,    -3.2564401289139089E-007
   70.899999999999707       ,    -3.2437858591804284E-007
   70.999999999999702       ,    -3.2311975968153343E-007
   71.099999999999696       ,    -3.2186749091736316E-007
   71.199999999999690       ,    -3.2062173670271089E-007
   71.299999999999685       ,    -3.1938245445326607E-007
   71.399999999999679       ,    -3.1814960192011443E-007
   71.499999999999673       ,    -3.1692313718663879E-007
   71.599999999999667       ,    -3.1570301866546163E-007
   71.699999999999662       ,    -3.1448920509542248E-007
   71.799999999999656       ,    -3.1328165553857963E-007
   71.899999999999650       ,    -3.1208032937724825E-007
   71.999999999999645       ,    -3.1088518631106899E-007
   72.099999999999639       ,    -3.0969618635410383E-007
   72.199999999999633       ,    -3.0851328983196875E-007
   72.299999999999628       ,    -3.0733645737899050E-007
   72.399999999999622       ,    -3.0616564993539716E-007
   72.499999999999616       ,    -3.0500082874453453E-007
   72.599999999999611       ,    -3.0384195535011371E-007
   72.699999999999605       ,    -3.0268899159349075E-007
   72.799999999999599       ,    -3.0154189961096147E-007
   72.899999999999594       ,    -3.0040064183110382E-007
   72.999999999999588       ,    -2.9926518097213023E-007
   73.099999999999582       ,    -2.9813548003927952E-007
   73.199999999999577       ,    -2.9701150232222725E-007
   73.299999999999571       ,    -2.9589321139252892E-007
   73.399999999999565       ,    -2.9478057110108470E-007
   73.499999999999559       ,    -2.9367354557563560E-007
   73.599999999999554       ,    -2.9257209921828068E-007
   73.699999999999548       ,    -2.9147619670302123E-007
   73.799999999999542       ,    -2.9038580297332896E-007
   73.899999999999537       ,    -2.8930088323974495E-007
   73.999999999999531       ,    -2.8822140297749511E-007
   74.099999999999525       ,    -2.8714732792413313E-007
   74.199999999999520       ,    -2.8607862407721067E-007
   74.299999999999514       ,    -2.8501525769196757E-007
   74.399999999999508       ,    -2.8395719527904410E-007
   74.499999999999503       ,    -2.8290440360222296E-007
   74.599999999999497       ,    -2.8185684967618499E-007
   74.699999999999491       ,    -2.8081450076429890E-007
   74.799999999999486       ,    -2.7977732437642204E-007
   74.899999999999480       ,    -2.7874528826673198E-007
   74.999999999999474       ,    -2.7771836043157341E-007
   75.099999999999469       ,    -2.7669650910733244E-007
   75.199999999999463       ,    -2.7567970276832979E-007
   75.299999999999457       ,    -2.7466791012473179E-007
   75.399999999999437       ,    -2.7366110012048900E-007
   75.499999999999432       ,    -2.7265924193129468E-007
   75.599999999999426       ,    -2.7166230496255181E-007
   75.699999999999420       ,    -2.7067025884738088E-007
   75.799999999999415       ,    -2.6968307344462855E-007
   75.899999999999409       ,    -2.6870071883690881E-007
   75.999999999999403       ,    -2.6772316532865700E-007
   76.099999999999397       ,    -2.6675038344420455E-007
   76.199999999999392       ,    -2.6578234392587728E-007
   76.299999999999386       ,    -2.6481901773210343E-007
   76.399999999999380       ,    -2.6386037603554878E-007
   76.499999999999375       ,    -2.6290639022126983E-007
   76.599999999999369       ,    -2.6195703188487841E-007
   76.699999999999363       ,    -2.6101227283072689E-007
   76.799999999999358       ,    -2.6007208507012291E-007
   76.899999999999352       ,    -2.5913644081954004E-007
   76.999999999999346       ,    -2.5820531249886722E-007
   77.099999999999341       ,    -2.5727867272966101E-007
   77.199999999999335       ,    -2.5635649433341947E-007
   77.299999999999329       ,    -2.5543875032987770E-007
   77.399999999999324       ,    -2.5452541393531334E-007
   77.499999999999318       ,    -2.5361645856087132E-007
   77.599999999999312       ,    -2.5271185781090356E-007
   77.699999999999307       ,    -2.5181158548133093E-007
   77.799999999999301       ,    -2.5091561555800980E-007
   77.899999999999295       ,    -2.5002392221512614E-007
   77.999999999999289       ,    -2.4913647981359929E-007
   78.099999999999284       ,    -2.4825326289950054E-007
   78.199999999999278       ,    -2.4737424620248812E-007
   78.299999999999272       ,    -2.4649940463426086E-007
   78.399999999999267       ,    -2.4562871328702013E-007
   78.499999999999261       ,    -2.4476214743195502E-007
   78.599999999999255       ,    -2.4389968251773144E-007
   78.699999999999250       ,    -2.4304129416900565E-007
   78.799999999999244       ,    -2.4218695818494742E-007
   78.899999999999238       ,    -2.4133665053777840E-007
   78.999999999999233       ,    -2.4049034737132187E-007
   79.099999999999227       ,    -2.3964802499957292E-007
   79.199999999999221       ,    -2.3880965990527291E-007
   79.299999999999216       ,    -2.3797522873850740E-007
   79.399999999999210       ,    -2.3714470831531076E-007
   79.499999999999204       ,    -2.3631807561628703E-007
   79.599999999999199       ,    -2.3549530778524090E-007
   79.699999999999193       ,    -2.3467638212782491E-007
   79.799999999999187       ,    -2.3386127611020317E-007
   79.899999999999181       ,    -2.3304996735771289E-007
   79.999999999999176       ,    -2.3224243365355880E-007
