  0.10000000000000001      ,  -0.30210663925706133     
  0.20000000000000001      ,   -7.5314939805858253E-002
  0.29999999999999999      ,   -3.3351462376611622E-002
  0.40000000000000002      ,   -1.8681116546499909E-002
  0.50000000000000000      ,   -1.1900473064747820E-002
  0.59999999999999998      ,   -8.2232460076136459E-003
  0.69999999999999996      ,   -6.0101113729678210E-003
  0.79999999999999993      ,   -4.5766286798045305E-003
  0.89999999999999991      ,   -3.5959977327283065E-003
  0.99999999999999989      ,   -2.8962001482643628E-003
   1.0999999999999999      ,   -2.3797073811927965E-003
   1.2000000000000000      ,   -1.9878873155898475E-003
   1.3000000000000000      ,   -1.6837786841463309E-003
   1.4000000000000001      ,   -1.4431489111263298E-003
   1.5000000000000002      ,   -1.2495774756180833E-003
   1.6000000000000003      ,   -1.0916196905749968E-003
   1.7000000000000004      ,   -9.6110258001885611E-004
   1.8000000000000005      ,   -8.5206447899847200E-004
   1.9000000000000006      ,   -7.6007479757410346E-004
   2.0000000000000004      ,   -6.8178584009973280E-004
   2.1000000000000005      ,   -6.1463045141192738E-004
   2.2000000000000006      ,   -5.5661369667298717E-004
   2.3000000000000007      ,   -5.0616659004238361E-004
   2.4000000000000008      ,   -4.6204162341934756E-004
   2.5000000000000009      ,   -4.2323698644038604E-004
   2.6000000000000010      ,   -3.8894081767394277E-004
   2.7000000000000011      ,   -3.5848965957589193E-004
   2.8000000000000012      ,   -3.3133712930304225E-004
   2.9000000000000012      ,   -3.0703003385940098E-004
   3.0000000000000013      ,   -2.8518997582244665E-004
   3.1000000000000014      ,   -2.6549905415801698E-004
   3.2000000000000015      ,   -2.4768865116435028E-004
   3.3000000000000016      ,   -2.3153056774931723E-004
   3.4000000000000017      ,   -2.1682996181092873E-004
   3.5000000000000018      ,   -2.0341968280694302E-004
   3.6000000000000014      ,   -1.9115569601191123E-004
   3.7000000000000015      ,   -1.7991336358691440E-004
   3.8000000000000016      ,   -1.6958440408153093E-004
   3.9000000000000017      ,   -1.6007439267848398E-004
   4.0000000000000018      ,   -1.5130069512829349E-004
   4.1000000000000023      ,   -1.4319075157038022E-004
   4.2000000000000020      ,   -1.3568064421091310E-004
   4.3000000000000025      ,   -1.2871389651174066E-004
   4.4000000000000021      ,   -1.2224046215038081E-004
   4.5000000000000027      ,   -1.1621587028313502E-004
   4.6000000000000023      ,   -1.1060050013418654E-004
   4.7000000000000020      ,   -1.0535896305606147E-004
   4.8000000000000025      ,   -1.0045957427159586E-004
   4.9000000000000021      ,   -9.5873899749830720E-005
   5.0000000000000027      ,   -9.1576366267488729E-005
   5.1000000000000023      ,   -8.7543924801287360E-005
   5.2000000000000028      ,   -8.3755759090423494E-005
   5.3000000000000025      ,   -8.0193032585386574E-005
   5.4000000000000030      ,   -7.6838668122933984E-005
   5.5000000000000027      ,   -7.3677155587809231E-005
   5.6000000000000032      ,   -7.0694383579234508E-005
   5.7000000000000028      ,   -6.7877491725597565E-005
   5.8000000000000034      ,   -6.5214740808982777E-005
   5.9000000000000030      ,   -6.2695398292091157E-005
   6.0000000000000036      ,   -6.0309637199616179E-005
   6.1000000000000032      ,   -5.8048446606979437E-005
   6.2000000000000037      ,   -5.5903552241972661E-005
   6.3000000000000034      ,   -5.3867345917523458E-005
   6.4000000000000039      ,   -5.1932822693442223E-005
   6.5000000000000036      ,   -5.0093524817118328E-005
   6.6000000000000041      ,   -4.8343491622300318E-005
   6.7000000000000037      ,   -4.6677214675054006E-005
   6.8000000000000034      ,   -4.5089597549856331E-005
   6.9000000000000039      ,   -4.3575919699080675E-005
   7.0000000000000036      ,   -4.2131803948001162E-005
   7.1000000000000041      ,   -4.0753187206646772E-005
   7.2000000000000037      ,   -3.9436294040840341E-005
   7.3000000000000043      ,   -3.8177612788794084E-005
   7.4000000000000039      ,   -3.6973873947731261E-005
   7.5000000000000044      ,   -3.5822030588050827E-005
   7.6000000000000032      ,   -3.4719240581232396E-005
   7.7000000000000028      ,   -3.3662850452669961E-005
   7.8000000000000016      ,   -3.2650380692396329E-005
   7.9000000000000012      ,   -3.1679512375697513E-005
   8.0000000000000000      ,   -3.0748074962260775E-005
   8.0999999999999996      ,   -2.9854035157111084E-005
   8.1999999999999993      ,   -2.8995486729403807E-005
   8.2999999999999989      ,   -2.8170641196427567E-005
   8.3999999999999968      ,   -2.7377819290103041E-005
   8.4999999999999964      ,   -2.6615443132037471E-005
   8.5999999999999961      ,   -2.5882029050937902E-005
   8.6999999999999957      ,   -2.5176180983051402E-005
   8.7999999999999936      ,   -2.4496584402377843E-005
   8.8999999999999932      ,   -2.3842000732794152E-005
   8.9999999999999929      ,   -2.3211262199032053E-005
   9.0999999999999925      ,   -2.2603267077714894E-005
   9.1999999999999922      ,   -2.2016975313468443E-005
   9.2999999999999901      ,   -2.1451404468512578E-005
   9.3999999999999897      ,   -2.0905625977177422E-005
   9.4999999999999893      ,   -2.0378761679501931E-005
   9.5999999999999890      ,   -1.9869980610499481E-005
   9.6999999999999869      ,   -1.9378496023864059E-005
   9.7999999999999865      ,   -1.8903562630836962E-005
   9.8999999999999861      ,   -1.8444474036724335E-005
   9.9999999999999858      ,   -1.8000560359129470E-005
   10.099999999999985      ,   -1.7571186013395871E-005
   10.199999999999983      ,   -1.7155747652040780E-005
   10.299999999999983      ,   -1.6753672246119262E-005
   10.399999999999983      ,   -1.6364415297507895E-005
   10.499999999999982      ,   -1.5987459172046856E-005
   10.599999999999980      ,   -1.5622311544336909E-005
   10.699999999999980      ,   -1.5268503945766939E-005
   10.799999999999979      ,   -1.4925590408052738E-005
   10.899999999999979      ,   -1.4593146195209793E-005
   10.999999999999977      ,   -1.4270766617465630E-005
   11.099999999999977      ,   -1.3958065921146377E-005
   11.199999999999976      ,   -1.3654676249054305E-005
   11.299999999999976      ,   -1.3360246666294884E-005
   11.399999999999975      ,   -1.3074442246909524E-005
   11.499999999999973      ,   -1.2796943217039294E-005
   11.599999999999973      ,   -1.2527444150675471E-005
   11.699999999999973      ,   -1.2265653214362685E-005
   11.799999999999972      ,   -1.2011291457495543E-005
   11.899999999999970      ,   -1.1764092145107863E-005
   11.999999999999970      ,   -1.1523800130288534E-005
   12.099999999999969      ,   -1.1290171263570652E-005
   12.199999999999969      ,   -1.1062971836840310E-005
   12.299999999999969      ,   -1.0841978059491071E-005
   12.399999999999967      ,   -1.0626975564716885E-005
   12.499999999999966      ,   -1.0417758943989574E-005
   12.599999999999966      ,   -1.0214131307907653E-005
   12.699999999999966      ,   -1.0015903871732653E-005
   12.799999999999963      ,   -9.8228955640489670E-006
   12.899999999999963      ,   -9.6349326570934244E-006
   12.999999999999963      ,   -9.4518484174021251E-006
   13.099999999999962      ,   -9.2734827755156390E-006
   13.199999999999960      ,   -9.0996820135716746E-006
   13.299999999999960      ,   -8.9302984696923098E-006
   13.399999999999959      ,   -8.7651902581491705E-006
   13.499999999999959      ,   -8.6042210043567704E-006
   13.599999999999959      ,   -8.4472595938083285E-006
   13.699999999999957      ,   -8.2941799341283073E-006
   13.799999999999956      ,   -8.1448607294673994E-006
   13.899999999999956      ,   -7.9991852665204553E-006
   13.999999999999956      ,   -7.8570412114908336E-006
   14.099999999999953      ,   -7.7183204173707041E-006
   14.199999999999953      ,   -7.5829187409464116E-006
   14.299999999999953      ,   -7.4507358689755522E-006
   14.399999999999952      ,   -7.3216751530179458E-006
   14.499999999999952      ,   -7.1956434524344295E-006
   14.599999999999950      ,   -7.0725509850985525E-006
   14.699999999999950      ,   -6.9523111853938387E-006
   14.799999999999949      ,   -6.8348405690959352E-006
   14.899999999999949      ,   -6.7200586047633669E-006
   14.999999999999948      ,   -6.6078875912835039E-006
   15.099999999999950      ,   -6.4982525412414465E-006
   15.199999999999951      ,   -6.3910810698001483E-006
   15.299999999999951      ,   -6.2863032887977495E-006
   15.399999999999952      ,   -6.1838517057863462E-006
   15.499999999999954      ,   -6.0836611277520441E-006
   15.599999999999955      ,   -5.9856685692717882E-006
   15.699999999999955      ,   -5.8898131648763282E-006
   15.799999999999956      ,   -5.7960360854024800E-006
   15.899999999999958      ,   -5.7042804581294781E-006
   15.999999999999957      ,   -5.6144912905069617E-006
   16.099999999999959      ,   -5.5266153972922259E-006
   16.199999999999960      ,   -5.4406013309249486E-006
   16.299999999999962      ,   -5.3563993149774776E-006
   16.399999999999963      ,   -5.2739611805271213E-006
   16.499999999999961      ,   -5.1932403053062724E-006
   16.599999999999962      ,   -5.1141915554932892E-006
   16.699999999999964      ,   -5.0367712300151829E-006
   16.799999999999965      ,   -4.9609370072398546E-006
   16.899999999999967      ,   -4.8866478939422233E-006
   16.999999999999968      ,   -4.8138641764349949E-006
   17.099999999999969      ,   -4.7425473737606311E-006
   17.199999999999967      ,   -4.6726601928464212E-006
   17.299999999999969      ,   -4.6041664855298134E-006
   17.399999999999970      ,   -4.5370312073662725E-006
   17.499999999999972      ,   -4.4712203781360340E-006
   17.599999999999973      ,   -4.4067010439710243E-006
   17.699999999999974      ,   -4.3434412410269083E-006
   17.799999999999976      ,   -4.2814099606291014E-006
   17.899999999999974      ,   -4.2205771158256919E-006
   17.999999999999975      ,   -4.1609135092827532E-006
   18.099999999999977      ,   -4.1023908024617356E-006
   18.199999999999978      ,   -4.0449814860209778E-006
   18.299999999999979      ,   -3.9886588513866480E-006
   18.399999999999981      ,   -3.9333969634410640E-006
   18.499999999999979      ,   -3.8791706342786476E-006
   18.599999999999980      ,   -3.8259553979828591E-006
   18.699999999999982      ,   -3.7737274863789557E-006
   18.799999999999983      ,   -3.7224638057203065E-006
   18.899999999999984      ,   -3.6721419142675520E-006
   18.999999999999986      ,   -3.6227400007221544E-006
   19.099999999999987      ,   -3.5742368634776758E-006
   19.199999999999985      ,   -3.5266118906537324E-006
   19.299999999999986      ,   -3.4798450408794002E-006
   19.399999999999988      ,   -3.4339168247943923E-006
   19.499999999999989      ,   -3.3888082872376988E-006
   19.599999999999991      ,   -3.3445009900950192E-006
   19.699999999999992      ,   -3.3009769957774072E-006
   19.799999999999994      ,   -3.2582188513049923E-006
   19.899999999999991      ,   -3.2162095729707597E-006
   19.999999999999993      ,   -3.1749326315606653E-006
   20.099999999999994      ,   -3.1343719381072535E-006
   20.199999999999996      ,   -3.0945118301550351E-006
   20.299999999999997      ,   -3.0553370585169355E-006
   20.399999999999999      ,   -3.0168327745022039E-006
   20.500000000000000      ,   -2.9789845175965253E-006
   20.599999999999998      ,   -2.9417782035764916E-006
   20.699999999999999      ,   -2.9052001130412366E-006
   20.800000000000001      ,   -2.8692368803446195E-006
   20.900000000000002      ,   -2.8338754829121036E-006
   21.000000000000004      ,   -2.7991032309275156E-006
   21.100000000000005      ,   -2.7649077573749837E-006
   21.200000000000003      ,   -2.7312770084224505E-006
   21.300000000000004      ,   -2.6981992341334761E-006
   21.400000000000006      ,   -2.6656629794947204E-006
   21.500000000000007      ,   -2.6336570757469506E-006
   21.600000000000009      ,   -2.6021706320081557E-006
   21.700000000000010      ,   -2.5711930271774748E-006
   21.800000000000011      ,   -2.5407139021094950E-006
   21.900000000000009      ,   -2.5107231520486638E-006
   22.000000000000011      ,   -2.4812109193140201E-006
   22.100000000000012      ,   -2.4521675862251053E-006
   22.200000000000014      ,   -2.4235837682598582E-006
   22.300000000000015      ,   -2.3954503074359937E-006
   22.400000000000016      ,   -2.3677582659078039E-006
   22.500000000000018      ,   -2.3404989197702040E-006
   22.600000000000016      ,   -2.3136637530626670E-006
   22.700000000000017      ,   -2.2872444519657398E-006
   22.800000000000018      ,   -2.2612328991830545E-006
   22.900000000000020      ,   -2.2356211685023311E-006
   23.000000000000021      ,   -2.2104015195288452E-006
   23.100000000000023      ,   -2.1855663925850812E-006
   23.200000000000024      ,   -2.1611084037710211E-006
   23.300000000000022      ,   -2.1370203401789244E-006
   23.400000000000023      ,   -2.1132951552574375E-006
   23.500000000000025      ,   -2.0899259643197937E-006
   23.600000000000026      ,   -2.0669060401907458E-006
   23.700000000000028      ,   -2.0442288089879142E-006
   23.800000000000029      ,   -2.0218878460323594E-006
   23.900000000000027      ,   -1.9998768718842412E-006
   24.000000000000028      ,   -1.9781897484991142E-006
   24.100000000000030      ,   -1.9568204755008293E-006
   24.200000000000031      ,   -1.9357631865669122E-006
   24.300000000000033      ,   -1.9150121459227338E-006
   24.400000000000034      ,   -1.8945617449406669E-006
   24.500000000000036      ,   -1.8744064988407461E-006
   24.600000000000033      ,   -1.8545410434894988E-006
   24.700000000000035      ,   -1.8349601322933955E-006
   24.800000000000036      ,   -1.8156586331841126E-006
   24.900000000000038      ,   -1.7966315256922622E-006
   25.000000000000039      ,   -1.7778738981068279E-006
   25.100000000000041      ,   -1.7593809447174015E-006
   25.200000000000042      ,   -1.7411479631365379E-006
   25.300000000000040      ,   -1.7231703516996219E-006
   25.400000000000041      ,   -1.7054436069396331E-006
   25.500000000000043      ,   -1.6879633211344629E-006
   25.600000000000044      ,   -1.6707251799244324E-006
   25.700000000000045      ,   -1.6537249599976718E-006
   25.800000000000047      ,   -1.6369585268412859E-006
   25.900000000000048      ,   -1.6204218325560807E-006
   26.000000000000046      ,   -1.6041109137329761E-006
   26.100000000000048      ,   -1.5880218893889643E-006
   26.200000000000049      ,   -1.5721509589609162E-006
   26.300000000000050      ,   -1.5564944003552345E-006
   26.400000000000052      ,   -1.5410485680517725E-006
   26.500000000000053      ,   -1.5258098912601440E-006
   26.600000000000051      ,   -1.5107748721269610E-006
   26.700000000000053      ,   -1.4959400839922751E-006
   26.800000000000054      ,   -1.4813021696937780E-006
   26.900000000000055      ,   -1.4668578399172936E-006
   27.000000000000057      ,   -1.4526038715920568E-006
   27.100000000000058      ,   -1.4385371063295284E-006
   27.200000000000060      ,   -1.4246544489043074E-006
   27.300000000000058      ,   -1.4109528657759156E-006
   27.400000000000059      ,   -1.3974293836502178E-006
   27.500000000000060      ,   -1.3840810880792533E-006
   27.600000000000062      ,   -1.3709051220983448E-006
   27.700000000000063      ,   -1.3578986848993737E-006
   27.800000000000065      ,   -1.3450590305390709E-006
   27.900000000000066      ,   -1.3323834666814404E-006
   28.000000000000064      ,   -1.3198693533730621E-006
   28.100000000000065      ,   -1.3075141018505716E-006
   28.200000000000067      ,   -1.2953151733791364E-006
   28.300000000000068      ,   -1.2832700781211617E-006
   28.400000000000070      ,   -1.2713763740342850E-006
   28.500000000000071      ,   -1.2596316657978192E-006
   28.600000000000072      ,   -1.2480336037667882E-006
   28.700000000000070      ,   -1.2365798829528274E-006
   28.800000000000072      ,   -1.2252682420310617E-006
   28.900000000000073      ,   -1.2140964623723547E-006
   29.000000000000075      ,   -1.2030623671000305E-006
   29.100000000000076      ,   -1.1921638201705423E-006
   29.200000000000077      ,   -1.1813987254772749E-006
   29.300000000000075      ,   -1.1707650259769046E-006
   29.400000000000077      ,   -1.1602607028375994E-006
   29.500000000000078      ,   -1.1498837746085512E-006
   29.600000000000080      ,   -1.1396322964101335E-006
   29.700000000000081      ,   -1.1295043591441396E-006
   29.800000000000082      ,   -1.1194980887236261E-006
   29.900000000000084      ,   -1.1096116453216306E-006
   30.000000000000082      ,   -1.0998432226384590E-006
   30.100000000000083      ,   -1.0901910471868197E-006
   30.200000000000085      ,   -1.0806533775945109E-006
   30.300000000000086      ,   -1.0712285039239689E-006
   30.400000000000087      ,   -1.0619147470084445E-006
   30.500000000000089      ,   -1.0527104578041153E-006
   30.600000000000090      ,   -1.0436140167579118E-006
   30.700000000000088      ,   -1.0346238331904845E-006
   30.800000000000090      ,   -1.0257383446939711E-006
   30.900000000000091      ,   -1.0169560165441345E-006
   31.000000000000092      ,   -1.0082753411265295E-006
   31.100000000000094      ,   -9.9969483737624224E-007
   31.200000000000095      ,   -9.9121305023093956E-007
   31.300000000000097      ,   -9.8282855009677494E-007
   31.400000000000095      ,   -9.7453993232688395E-007
   31.500000000000096      ,   -9.6634581671209968E-007
   31.600000000000097      ,   -9.5824484698357681E-007
   31.700000000000099      ,   -9.5023569032698468E-007
   31.800000000000100      ,   -9.4231703690803989E-007
   31.900000000000102      ,   -9.3448759940895272E-007
   32.000000000000099      ,   -9.2674611257566555E-007
   32.100000000000101      ,   -9.1909133277544132E-007
   32.200000000000102      ,   -9.1152203756466284E-007
   32.300000000000104      ,   -9.0403702526648620E-007
   32.400000000000105      ,   -8.9663511455816509E-007
   32.500000000000107      ,   -8.8931514406773954E-007
   32.600000000000108      ,   -8.8207597197988209E-007
   32.700000000000109      ,   -8.7491647565068354E-007
   32.800000000000111      ,   -8.6783555123108041E-007
   32.900000000000112      ,   -8.6083211329878050E-007
   33.000000000000114      ,   -8.5390509449846210E-007
   33.100000000000108      ,   -8.4705344518996387E-007
   33.200000000000109      ,   -8.4027613310436140E-007
   33.300000000000111      ,   -8.3357214300766693E-007
   33.400000000000112      ,   -8.2694047637201332E-007
   33.500000000000114      ,   -8.2038015105404325E-007
   33.600000000000115      ,   -8.1389020098046592E-007
   33.700000000000117      ,   -8.0746967584046050E-007
   33.800000000000118      ,   -8.0111764078484895E-007
   33.900000000000119      ,   -7.9483317613183460E-007
   34.000000000000121      ,   -7.8861537707916459E-007
   34.100000000000122      ,   -7.8246335342252573E-007
   34.200000000000124      ,   -7.7637622928005159E-007
   34.300000000000125      ,   -7.7035314282279449E-007
   34.400000000000119      ,   -7.6439324601098231E-007
   34.500000000000121      ,   -7.5849570433595910E-007
   34.600000000000122      ,   -7.5265969656765038E-007
   34.700000000000124      ,   -7.4688441450741657E-007
   34.800000000000125      ,   -7.4116906274618626E-007
   34.900000000000126      ,   -7.3551285842771282E-007
   35.000000000000128      ,   -7.2991503101687797E-007
   35.100000000000129      ,   -7.2437482207283588E-007
   35.200000000000131      ,   -7.1889148502701383E-007
   35.300000000000132      ,   -7.1346428496571101E-007
   35.400000000000134      ,   -7.0809249841728500E-007
   35.500000000000135      ,   -7.0277541314380664E-007
   35.600000000000136      ,   -6.9751232793700280E-007
   35.700000000000138      ,   -6.9230255241849809E-007
   35.800000000000132      ,   -6.8714540684417095E-007
   35.900000000000134      ,   -6.8204022191255411E-007
   36.000000000000135      ,   -6.7698633857721032E-007
   36.100000000000136      ,   -6.7198310786292710E-007
   36.200000000000138      ,   -6.6702989068572826E-007
   36.300000000000139      ,   -6.6212605767653268E-007
   36.400000000000141      ,   -6.5727098900843110E-007
   36.500000000000142      ,   -6.5246407422747897E-007
   36.600000000000144      ,   -6.4770471208690114E-007
   36.700000000000145      ,   -6.4299231038469397E-007
   36.800000000000146      ,   -6.3832628580446546E-007
   36.900000000000148      ,   -6.3370606375950367E-007
   37.000000000000149      ,   -6.2913107823998795E-007
   37.100000000000144      ,   -6.2460077166322909E-007
   37.200000000000145      ,   -6.2011459472692781E-007
   37.300000000000146      ,   -6.1567200626535952E-007
   37.400000000000148      ,   -6.1127247310839689E-007
   37.500000000000149      ,   -6.0691546994335929E-007
   37.600000000000151      ,   -6.0260047917956421E-007
   37.700000000000152      ,   -5.9832699081557290E-007
   37.800000000000153      ,   -5.9409450230904084E-007
   37.900000000000155      ,   -5.8990251844911559E-007
   38.000000000000156      ,   -5.8575055123136064E-007
   38.100000000000158      ,   -5.8163811973508512E-007
   38.200000000000159      ,   -5.7756475000308480E-007
   38.300000000000161      ,   -5.7352997492372425E-007
   38.400000000000162      ,   -5.6953333411529242E-007
   38.500000000000156      ,   -5.6557437381260501E-007
   38.600000000000158      ,   -5.6165264675577904E-007
   38.700000000000159      ,   -5.5776771208116774E-007
   38.800000000000161      ,   -5.5391913521437341E-007
   38.900000000000162      ,   -5.5010648776531487E-007
   39.000000000000163      ,   -5.4632934742530044E-007
   39.100000000000165      ,   -5.4258729786605866E-007
   39.200000000000166      ,   -5.3887992864068351E-007
   39.300000000000168      ,   -5.3520683508647285E-007
   39.400000000000169      ,   -5.3156761822958550E-007
   39.500000000000171      ,   -5.2796188469151079E-007
   39.600000000000172      ,   -5.2438924659729340E-007
   39.700000000000173      ,   -5.2084932148548120E-007
   39.800000000000168      ,   -5.1734173221976152E-007
   39.900000000000169      ,   -5.1386610690224556E-007
   40.000000000000171      ,   -5.1042207878837132E-007
   40.100000000000172      ,   -5.0700928620339282E-007
   40.200000000000173      ,   -5.0362737246040742E-007
   40.300000000000175      ,   -5.0027598577991249E-007
   40.400000000000176      ,   -4.9695477921083226E-007
   40.500000000000178      ,   -4.9366341055302873E-007
   40.600000000000179      ,   -4.9040154228119321E-007
   40.700000000000180      ,   -4.8716884147017086E-007
   40.800000000000182      ,   -4.8396497972163603E-007
   40.900000000000183      ,   -4.8078963309210033E-007
   41.000000000000185      ,   -4.7764248202223635E-007
   41.100000000000186      ,   -4.7452321126748961E-007
   41.200000000000180      ,   -4.7143150982994311E-007
   41.300000000000182      ,   -4.6836707089141003E-007
   41.400000000000183      ,   -4.6532959174774004E-007
   41.500000000000185      ,   -4.6231877374430100E-007
   41.600000000000186      ,   -4.5933432221262637E-007
   41.700000000000188      ,   -4.5637594640818764E-007
   41.800000000000189      ,   -4.5344335944928668E-007
   41.900000000000190      ,   -4.5053627825703448E-007
   42.000000000000192      ,   -4.4765442349639462E-007
   42.100000000000193      ,   -4.4479751951828089E-007
   42.200000000000195      ,   -4.4196529430267019E-007
   42.300000000000196      ,   -4.3915747940272720E-007
   42.400000000000198      ,   -4.3637380988990868E-007
   42.500000000000192      ,   -4.3361402430004095E-007
   42.600000000000193      ,   -4.3087786458033651E-007
   42.700000000000195      ,   -4.2816507603733788E-007
   42.800000000000196      ,   -4.2547540728577069E-007
   42.900000000000198      ,   -4.2280861019830386E-007
   43.000000000000199      ,   -4.2016443985614875E-007
   43.100000000000200      ,   -4.1754265450055635E-007
   43.200000000000202      ,   -4.1494301548511971E-007
   43.300000000000203      ,   -4.1236528722892255E-007
   43.400000000000205      ,   -4.0980923717048727E-007
   43.500000000000206      ,   -4.0727463572250560E-007
   43.600000000000207      ,   -4.0476125622736766E-007
   43.700000000000209      ,   -4.0226887491343610E-007
   43.800000000000210      ,   -3.9979727085206201E-007
   43.900000000000205      ,   -3.9734622591535787E-007
   44.000000000000206      ,   -3.9491552473465905E-007
   44.100000000000207      ,   -3.9250495465971148E-007
   44.200000000000209      ,   -3.9011430571854752E-007
   44.300000000000210      ,   -3.8774337057802455E-007
   44.400000000000212      ,   -3.8539194450504715E-007
   44.500000000000213      ,   -3.8305982532843564E-007
   44.600000000000215      ,   -3.8074681340142823E-007
   44.700000000000216      ,   -3.7845271156482221E-007
   44.800000000000217      ,   -3.7617732511072040E-007
   44.900000000000219      ,   -3.7392046174689140E-007
   45.000000000000220      ,   -3.7168193156171749E-007
   45.100000000000222      ,   -3.6946154698972435E-007
   45.200000000000216      ,   -3.6725912277769188E-007
   45.300000000000217      ,   -3.6507447595130514E-007
   45.400000000000219      ,   -3.6290742578237669E-007
   45.500000000000220      ,   -3.6075779375660440E-007
   45.600000000000222      ,   -3.5862540354183705E-007
   45.700000000000223      ,   -3.5651008095689924E-007
   45.800000000000225      ,   -3.5441165394089105E-007
   45.900000000000226      ,   -3.5232995252300649E-007
   46.000000000000227      ,   -3.5026480879284109E-007
   46.100000000000229      ,   -3.4821605687118786E-007
   46.200000000000230      ,   -3.4618353288128674E-007
   46.300000000000232      ,   -3.4416707492056712E-007
   46.400000000000233      ,   -3.4216652303282479E-007
   46.500000000000234      ,   -3.4018171918086298E-007
   46.600000000000229      ,   -3.3821250721956364E-007
   46.700000000000230      ,   -3.3625873286939464E-007
   46.800000000000232      ,   -3.3432024369034278E-007
   46.900000000000233      ,   -3.3239688905625874E-007
   47.000000000000234      ,   -3.3048852012962539E-007
   47.100000000000236      ,   -3.2859498983670597E-007
   47.200000000000237      ,   -3.2671615284310030E-007
   47.300000000000239      ,   -3.2485186552970401E-007
   47.400000000000240      ,   -3.2300198596900624E-007
   47.500000000000242      ,   -3.2116637390181177E-007
   47.600000000000243      ,   -3.1934489071428785E-007
   47.700000000000244      ,   -3.1753739941540112E-007
   47.800000000000246      ,   -3.1574376461469577E-007
   47.900000000000240      ,   -3.1396385250041773E-007
   48.000000000000242      ,   -3.1219753081799252E-007
   48.100000000000243      ,   -3.1044466884882761E-007
   48.200000000000244      ,   -3.0870513738945008E-007
   48.300000000000246      ,   -3.0697880873096786E-007
   48.400000000000247      ,   -3.0526555663885327E-007
   48.500000000000249      ,   -3.0356525633303023E-007
   48.600000000000250      ,   -3.0187778446828016E-007
   48.700000000000252      ,   -3.0020301911494088E-007
   48.800000000000253      ,   -2.9854083973991282E-007
   48.900000000000254      ,   -2.9689112718794260E-007
   49.000000000000256      ,   -2.9525376366320943E-007
   49.100000000000257      ,   -2.9362863271118091E-007
   49.200000000000259      ,   -2.9201561920075499E-007
   49.300000000000253      ,   -2.9041460930666834E-007
   49.400000000000254      ,   -2.8882549049217169E-007
   49.500000000000256      ,   -2.8724815149197140E-007
   49.600000000000257      ,   -2.8568248229543080E-007
   49.700000000000259      ,   -2.8412837413002551E-007
   49.800000000000260      ,   -2.8258571944503871E-007
   49.900000000000261      ,   -2.8105441189551659E-007
   50.000000000000263      ,   -2.7953434632645593E-007
   50.100000000000264      ,   -2.7802541875723037E-007
   50.200000000000266      ,   -2.7652752636625469E-007
   50.300000000000267      ,   -2.7504056747586835E-007
   50.400000000000269      ,   -2.7356444153745795E-007
   50.500000000000270      ,   -2.7209904911678811E-007
   50.600000000000264      ,   -2.7064429187956250E-007
   50.700000000000266      ,   -2.6920007257718312E-007
   50.800000000000267      ,   -2.6776629503274367E-007
   50.900000000000269      ,   -2.6634286412720714E-007
   51.000000000000270      ,   -2.6492968578579940E-007
   51.100000000000271      ,   -2.6352666696460240E-007
   51.200000000000273      ,   -2.6213371563733846E-007
   51.300000000000274      ,   -2.6075074078235842E-007
   51.400000000000276      ,   -2.5937765236980769E-007
   51.500000000000277      ,   -2.5801436134899278E-007
   51.600000000000279      ,   -2.5666077963592358E-007
   51.700000000000280      ,   -2.5531682010103588E-007
   51.800000000000281      ,   -2.5398239655710380E-007
   51.900000000000283      ,   -2.5265742374731092E-007
   52.000000000000277      ,   -2.5134181733350869E-007
   52.100000000000279      ,   -2.5003549388463813E-007
   52.200000000000280      ,   -2.4873837086531245E-007
   52.300000000000281      ,   -2.4745036662458167E-007
   52.400000000000283      ,   -2.4617140038483982E-007
   52.500000000000284      ,   -2.4490139223090134E-007
   52.600000000000286      ,   -2.4364026309923211E-007
   52.700000000000287      ,   -2.4238793476733145E-007
   52.800000000000288      ,   -2.4114432984327290E-007
   52.900000000000290      ,   -2.3990937175538449E-007
   53.000000000000291      ,   -2.3868298474208672E-007
   53.100000000000293      ,   -2.3746509384185872E-007
   53.200000000000294      ,   -2.3625562488336627E-007
   53.300000000000288      ,   -2.3505450447571362E-007
   53.400000000000290      ,   -2.3386165999883818E-007
   53.500000000000291      ,   -2.3267701959404523E-007
   53.600000000000293      ,   -2.3150051215466994E-007
   53.700000000000294      ,   -2.3033206731686619E-007
   53.800000000000296      ,   -2.2917161545054094E-007
   53.900000000000297      ,   -2.2801908765039472E-007
   54.000000000000298      ,   -2.2687441572710433E-007
   54.100000000000300      ,   -2.2573753219861538E-007
   54.200000000000301      ,   -2.2460837028156658E-007
   54.300000000000303      ,   -2.2348686388282737E-007
   54.400000000000304      ,   -2.2237294759115024E-007
   54.500000000000306      ,   -2.2126655666894678E-007
   54.600000000000307      ,   -2.2016762704417048E-007
   54.700000000000301      ,   -2.1907609530231460E-007
   54.800000000000303      ,   -2.1799189867851837E-007
   54.900000000000304      ,   -2.1691497504978306E-007
   55.000000000000306      ,   -2.1584526292729227E-007
   55.100000000000307      ,   -2.1478270144884443E-007
   55.200000000000308      ,   -2.1372723037138001E-007
   55.300000000000310      ,   -2.1267879006361178E-007
   55.400000000000311      ,   -2.1163732149876577E-007
   55.500000000000313      ,   -2.1060276624740487E-007
   55.600000000000314      ,   -2.0957506647036377E-007
   55.700000000000315      ,   -2.0855416491177045E-007
   55.800000000000317      ,   -2.0754000489217269E-007
   55.900000000000318      ,   -2.0653253030173651E-007
   56.000000000000313      ,   -2.0553168559356510E-007
   56.100000000000314      ,   -2.0453741577708242E-007
   56.200000000000315      ,   -2.0354966641152148E-007
   56.300000000000317      ,   -2.0256838359949170E-007
   56.400000000000318      ,   -2.0159351398063779E-007
   56.500000000000320      ,   -2.0062500472537321E-007
   56.600000000000321      ,   -1.9966280352871556E-007
   56.700000000000323      ,   -1.9870685860418502E-007
   56.800000000000324      ,   -1.9775711867779502E-007
   56.900000000000325      ,   -1.9681353298211985E-007
   57.000000000000327      ,   -1.9587605125043800E-007
   57.100000000000328      ,   -1.9494462371096074E-007
   57.200000000000330      ,   -1.9401920108112778E-007
   57.300000000000331      ,   -1.9309973456198253E-007
   57.400000000000325      ,   -1.9218617583262168E-007
   57.500000000000327      ,   -1.9127847704471980E-007
   57.600000000000328      ,   -1.9037659081711686E-007
   57.700000000000330      ,   -1.8948047023049086E-007
   57.800000000000331      ,   -1.8859006882208540E-007
   57.900000000000333      ,   -1.8770534058051492E-007
   58.000000000000334      ,   -1.8682623994063443E-007
   58.100000000000335      ,   -1.8595272177848071E-007
   58.200000000000337      ,   -1.8508474140627166E-007
   58.300000000000338      ,   -1.8422225456747593E-007
   58.400000000000340      ,   -1.8336521743194397E-007
   58.500000000000341      ,   -1.8251358659110215E-007
   58.600000000000342      ,   -1.8166731905321233E-007
   58.700000000000337      ,   -1.8082637223868688E-007
   58.800000000000338      ,   -1.7999070397546519E-007
   58.900000000000340      ,   -1.7916027249445896E-007
   59.000000000000341      ,   -1.7833503642503673E-007
   59.100000000000342      ,   -1.7751495479058562E-007
   59.200000000000344      ,   -1.7669998700411851E-007
   59.300000000000345      ,   -1.7589009286394000E-007
   59.400000000000347      ,   -1.7508523254936890E-007
   59.500000000000348      ,   -1.7428536661651497E-007
   59.600000000000350      ,   -1.7349045599410387E-007
   59.700000000000344      ,   -1.7270046197936415E-007
   59.800000000000338      ,   -1.7191534623396156E-007
   59.900000000000333      ,   -1.7113507077997874E-007
   60.000000000000327      ,   -1.7035959799595917E-007
   60.100000000000321      ,   -1.6958889061298882E-007
   60.200000000000315      ,   -1.6882291171083235E-007
   60.300000000000310      ,   -1.6806162471411852E-007
   60.400000000000304      ,   -1.6730499338856837E-007
   60.500000000000298      ,   -1.6655298183727757E-007
   60.600000000000293      ,   -1.6580555449704181E-007
   60.700000000000287      ,   -1.6506267613472320E-007
   60.800000000000281      ,   -1.6432431184367295E-007
   60.900000000000276      ,   -1.6359042704018728E-007
   61.000000000000270      ,   -1.6286098746001398E-007
   61.100000000000264      ,   -1.6213595915490152E-007
   61.200000000000259      ,   -1.6141530848918792E-007
   61.300000000000253      ,   -1.6069900213643304E-007
   61.400000000000247      ,   -1.5998700707609822E-007
   61.500000000000242      ,   -1.5927929059025234E-007
   61.600000000000236      ,   -1.5857582026033628E-007
   61.700000000000230      ,   -1.5787656396395407E-007
   61.800000000000225      ,   -1.5718148987170811E-007
   61.900000000000219      ,   -1.5649056644407352E-007
   62.000000000000213      ,   -1.5580376242830895E-007
   62.100000000000207      ,   -1.5512104685540591E-007
   62.200000000000202      ,   -1.5444238903707639E-007
   62.300000000000196      ,   -1.5376775856277377E-007
   62.400000000000190      ,   -1.5309712529675655E-007
   62.500000000000185      ,   -1.5243045937517616E-007
   62.600000000000179      ,   -1.5176773120321426E-007
   62.700000000000173      ,   -1.5110891145224302E-007
   62.800000000000168      ,   -1.5045397105702544E-007
   62.900000000000162      ,   -1.4980288121294763E-007
   63.000000000000156      ,   -1.4915561337328659E-007
   63.100000000000151      ,   -1.4851213924650536E-007
   63.200000000000145      ,   -1.4787243079358772E-007
   63.300000000000139      ,   -1.4723646022539982E-007
   63.400000000000134      ,   -1.4660420000008456E-007
   63.500000000000128      ,   -1.4597562282048798E-007
   63.600000000000122      ,   -1.4535070163161634E-007
   63.700000000000117      ,   -1.4472940961812015E-007
   63.800000000000111      ,   -1.4411172020181384E-007
   63.900000000000105      ,   -1.4349760703922018E-007
   64.000000000000099      ,   -1.4288704401914655E-007
   64.100000000000094      ,   -1.4228000526028594E-007
   64.200000000000088      ,   -1.4167646510885318E-007
   64.300000000000082      ,   -1.4107639813624086E-007
   64.400000000000077      ,   -1.4047977913670902E-007
   64.500000000000071      ,   -1.3988658312510032E-007
   64.600000000000065      ,   -1.3929678533458092E-007
   64.700000000000060      ,   -1.3871036121440634E-007
   64.800000000000054      ,   -1.3812728642772031E-007
   64.900000000000048      ,   -1.3754753684937133E-007
   65.000000000000043      ,   -1.3697108856375698E-007
   65.100000000000037      ,   -1.3639791786269900E-007
   65.200000000000031      ,   -1.3582800124333234E-007
   65.300000000000026      ,   -1.3526131540603135E-007
   65.400000000000020      ,   -1.3469783725234890E-007
   65.500000000000014      ,   -1.3413754388298552E-007
   65.600000000000009      ,   -1.3358041259577999E-007
   65.700000000000003      ,   -1.3302642088372684E-007
   65.799999999999997      ,   -1.3247554643300657E-007
   65.899999999999991      ,   -1.3192776712105495E-007
   65.999999999999986      ,   -1.3138306101463627E-007
   66.099999999999980      ,   -1.3084140636795304E-007
   66.199999999999974      ,   -1.3030278162076930E-007
   66.299999999999969      ,   -1.2976716539656051E-007
   66.399999999999963      ,   -1.2923453650067839E-007
   66.499999999999957      ,   -1.2870487391854257E-007
   66.599999999999952      ,   -1.2817815681385155E-007
   66.699999999999946      ,   -1.2765436452681215E-007
   66.799999999999940      ,   -1.2713347657238795E-007
   66.899999999999935      ,   -1.2661547263857167E-007
   66.999999999999929      ,   -1.2610033258467816E-007
   67.099999999999923      ,   -1.2558803643964858E-007
   67.199999999999918      ,   -1.2507856440037925E-007
   67.299999999999912      ,   -1.2457189683007313E-007
   67.399999999999906      ,   -1.2406801425660161E-007
   67.499999999999901      ,   -1.2356689737089104E-007
   67.599999999999895      ,   -1.2306852702532452E-007
   67.699999999999889      ,   -1.2257288423216196E-007
   67.799999999999883      ,   -1.2207995016197750E-007
   67.899999999999878      ,   -1.2158970614211803E-007
   67.999999999999872      ,   -1.2110213365517101E-007
   68.099999999999866      ,   -1.2061721433745992E-007
   68.199999999999861      ,   -1.2013492997754549E-007
   68.299999999999855      ,   -1.1965526251475306E-007
   68.399999999999849      ,   -1.1917819403771017E-007
   68.499999999999844      ,   -1.1870370678290334E-007
   68.599999999999838      ,   -1.1823178313324763E-007
   68.699999999999832      ,   -1.1776240561667798E-007
   68.799999999999827      ,   -1.1729555690474956E-007
   68.899999999999821      ,   -1.1683121981125751E-007
   68.999999999999815      ,   -1.1636937729086968E-007
   69.099999999999810      ,   -1.1591001243777731E-007
   69.199999999999804      ,   -1.1545310848435724E-007
   69.299999999999798      ,   -1.1499864879985029E-007
   69.399999999999793      ,   -1.1454661688905525E-007
   69.499999999999787      ,   -1.1409699639103515E-007
   69.599999999999781      ,   -1.1364977107783749E-007
   69.699999999999775      ,   -1.1320492485323090E-007
   69.799999999999770      ,   -1.1276244175145454E-007
   69.899999999999764      ,   -1.1232230593597875E-007
   69.999999999999758      ,   -1.1188450169828134E-007
   70.099999999999753      ,   -1.1144901345663917E-007
   70.199999999999747      ,   -1.1101582575492768E-007
   70.299999999999741      ,   -1.1058492326143688E-007
   70.399999999999736      ,   -1.1015629076770137E-007
   70.499999999999730      ,   -1.0972991318733869E-007
   70.599999999999724      ,   -1.0930577555490292E-007
   70.699999999999719      ,   -1.0888386302475236E-007
   70.799999999999713      ,   -1.0846416086992349E-007
   70.899999999999707      ,   -1.0804665448102512E-007
   70.999999999999702      ,   -1.0763132936513658E-007
   71.099999999999696      ,   -1.0721817114472333E-007
   71.199999999999690      ,   -1.0680716555656039E-007
   71.299999999999685      ,   -1.0639829845066929E-007
   71.399999999999679      ,   -1.0599155578926688E-007
   71.499999999999673      ,   -1.0558692364572285E-007
   71.599999999999667      ,   -1.0518438820353257E-007
   71.699999999999662      ,   -1.0478393575529229E-007
   71.799999999999656      ,   -1.0438555270169845E-007
   71.899999999999650      ,   -1.0398922555054395E-007
   71.999999999999645      ,   -1.0359494091573468E-007
   72.099999999999639      ,   -1.0320268551631209E-007
   72.199999999999633      ,   -1.0281244617548568E-007
   72.299999999999628      ,   -1.0242420981967866E-007
   72.399999999999622      ,   -1.0203796347757966E-007
   72.499999999999616      ,   -1.0165369427920959E-007
   72.599999999999611      ,   -1.0127138945499368E-007
   72.699999999999605      ,   -1.0089103633484294E-007
   72.799999999999599      ,   -1.0051262234725084E-007
   72.899999999999594      ,   -1.0013613501839264E-007
   72.999999999999588      ,   -9.9761561971239304E-008
   73.099999999999582      ,   -9.9388890924677416E-008
   73.199999999999577      ,   -9.9018109692638275E-008
   73.299999999999571      ,   -9.8649206183240389E-008
   73.399999999999565      ,   -9.8282168397933531E-008
   73.499999999999559      ,   -9.7916984430657779E-008
   73.599999999999554      ,   -9.7553642467010728E-008
   73.699999999999548      ,   -9.7192130783418228E-008
   73.799999999999542      ,   -9.6832437746319711E-008
   73.899999999999537      ,   -9.6474551811358826E-008
   73.999999999999531      ,   -9.6118461522582025E-008
   74.099999999999525      ,   -9.5764155511647303E-008
   74.199999999999520      ,   -9.5411622497040918E-008
   74.299999999999514      ,   -9.5060851283299562E-008
   74.399999999999508      ,   -9.4711830760241822E-008
   74.499999999999503      ,   -9.4364549902210093E-008
   74.599999999999497      ,   -9.4018997767316961E-008
   74.699999999999491      ,   -9.3675163496699994E-008
   74.799999999999486      ,   -9.3333036313784630E-008
   74.899999999999480      ,   -9.2992605523554454E-008
   74.999999999999474      ,   -9.2653860511829808E-008
   75.099999999999469      ,   -9.2316790744550019E-008
   75.199999999999463      ,   -9.1981385767069624E-008
   75.299999999999457      ,   -9.1647635203453926E-008
   75.399999999999437      ,   -9.1315528755787690E-008
   75.499999999999432      ,   -9.0985056203487802E-008
   75.599999999999426      ,   -9.0656207402623305E-008
   75.699999999999420      ,   -9.0328972285243935E-008
   75.799999999999415      ,   -9.0003340858711829E-008
   75.899999999999409      ,   -8.9679303205045374E-008
   75.999999999999403      ,   -8.9356849480262618E-008
   76.099999999999397      ,   -8.9035969913738219E-008
   76.199999999999392      ,   -8.8716654807561703E-008
   76.299999999999386      ,   -8.8398894535905605E-008
   76.399999999999380      ,   -8.8082679544397547E-008
   76.499999999999375      ,   -8.7768000349498879E-008
   76.599999999999369      ,   -8.7454847537891014E-008
   76.699999999999363      ,   -8.7143211765867364E-008
   76.799999999999358      ,   -8.6833083758729647E-008
   76.899999999999352      ,   -8.6524454310191426E-008
   76.999999999999346      ,   -8.6217314281788814E-008
   77.099999999999341      ,   -8.5911654602293548E-008
   77.199999999999335      ,   -8.5607466267136156E-008
   77.299999999999329      ,   -8.5304740337832386E-008
   77.399999999999324      ,   -8.5003467941413551E-008
   77.499999999999318      ,   -8.4703640269866728E-008
   77.599999999999312      ,   -8.4405248579576782E-008
   77.699999999999307      ,   -8.4108284190776753E-008
   77.799999999999301      ,   -8.3812738487000667E-008
   77.899999999999295      ,   -8.3518602914543280E-008
   77.999999999999289      ,   -8.3225868981927396E-008
   78.099999999999284      ,   -8.2934528259370213E-008
   78.199999999999278      ,   -8.2644572378261772E-008
   78.299999999999272      ,   -8.2355993030644223E-008
   78.399999999999267      ,   -8.2068781968696410E-008
   78.499999999999261      ,   -8.1782931004227329E-008
   78.599999999999255      ,   -8.1498432008167064E-008
   78.699999999999250      ,   -8.1215276910071851E-008
   78.799999999999244      ,   -8.0933457697625128E-008
   78.899999999999238      ,   -8.0652966416151082E-008
   78.999999999999233      ,   -8.0373795168125981E-008
   79.099999999999227      ,   -8.0095936112701344E-008
   79.199999999999221      ,   -7.9819381465222709E-008
   79.299999999999216      ,   -7.9544123496763631E-008
   79.399999999999210      ,   -7.9270154533655530E-008
   79.499999999999204      ,   -7.8997466957025971E-008
   79.599999999999199      ,   -7.8726053202340561E-008
   79.699999999999193      ,   -7.8455905758950902E-008
   79.799999999999187      ,   -7.8187017169641952E-008
   79.899999999999181      ,   -7.7919380030190239E-008
   79.999999999999176      ,   -7.7652986988922311E-008
