  0.10000000000000001       ,    -1.0108056441446864     
  0.20000000000000001       ,   -0.25189286752155554     
  0.29999999999999999       ,   -0.11149409148060403     
  0.40000000000000002       ,    -6.2421627682340386E-002
  0.50000000000000000       ,    -3.9746038556176325E-002
  0.59999999999999998       ,    -2.7452210103622400E-002
  0.69999999999999996       ,    -2.0055377738015270E-002
  0.79999999999999993       ,    -1.5265808789112226E-002
  0.89999999999999991       ,    -1.1990347771840227E-002
  0.99999999999999989       ,    -9.6536604941717691E-003
   1.0999999999999999       ,    -7.9295961910846955E-003
   1.2000000000000000       ,    -6.6221081099424629E-003
   1.3000000000000000       ,    -5.6076285702500598E-003
   1.4000000000000001       ,    -4.8051569228870416E-003
   1.5000000000000002       ,    -4.1598144411319612E-003
   1.6000000000000003       ,    -3.6333585756907053E-003
   1.7000000000000004       ,    -3.1984840288645051E-003
   1.8000000000000005       ,    -2.8352769018106729E-003
   1.9000000000000006       ,    -2.5289402903852396E-003
   2.0000000000000004       ,    -2.2682959237449248E-003
   2.1000000000000005       ,    -2.0447734400962140E-003
   2.2000000000000006       ,    -1.8517140794556048E-003
   2.3000000000000007       ,    -1.6838818288848244E-003
   2.4000000000000008       ,    -1.5371143085030766E-003
   2.5000000000000009       ,    -1.4080695656727323E-003
   2.6000000000000010       ,    -1.2940398224620551E-003
   2.7000000000000011       ,    -1.1928126938606234E-003
   2.8000000000000012       ,    -1.1025665452852912E-003
   2.9000000000000012       ,    -1.0217907249889704E-003
   3.0000000000000013       ,    -9.4922414110044126E-004
   3.1000000000000014       ,    -8.8380751936721993E-004
   3.2000000000000015       ,    -8.2464596981046104E-004
   3.3000000000000016       ,    -7.7097939690743680E-004
   3.4000000000000017       ,    -7.2215893155056659E-004
   3.5000000000000018       ,    -6.7762802530480935E-004
   3.6000000000000014       ,    -6.3690718305309214E-004
   3.7000000000000015       ,    -5.9958155615338427E-004
   3.8000000000000016       ,    -5.6529080031665288E-004
   3.9000000000000017       ,    -5.3372073836660224E-004
   4.0000000000000018       ,    -5.0459647039488575E-004
   4.1000000000000023       ,    -4.7767665148958934E-004
   4.2000000000000020       ,    -4.5274871658443962E-004
   4.3000000000000025       ,    -4.2962487768022074E-004
   4.4000000000000021       ,    -4.0813875410962007E-004
   4.5000000000000027       ,    -3.8814252414021469E-004
   4.6000000000000023       ,    -3.6950450788398659E-004
   4.7000000000000020       ,    -3.5210710858464903E-004
   4.8000000000000025       ,    -3.3584505292436864E-004
   4.9000000000000021       ,    -3.2062388181485261E-004
   5.0000000000000027       ,    -3.0635865181375695E-004
   5.1000000000000023       ,    -2.9297281429488468E-004
   5.2000000000000028       ,    -2.8039724515445532E-004
   5.3000000000000025       ,    -2.6856940242991976E-004
   5.4000000000000030       ,    -2.5743259295732949E-004
   5.5000000000000027       ,    -2.4693533226512941E-004
   5.6000000000000032       ,    -2.3703078442911861E-004
   5.7000000000000028       ,    -2.2767627069950641E-004
   5.8000000000000034       ,    -2.1883283743946770E-004
   5.9000000000000030       ,    -2.1046487535170653E-004
   6.0000000000000036       ,    -2.0253978316841389E-004
   6.1000000000000032       ,    -1.9502766998323587E-004
   6.2000000000000037       ,    -1.8790109124611586E-004
   6.3000000000000034       ,    -1.8113481415094919E-004
   6.4000000000000039       ,    -1.7470560874480301E-004
   6.5000000000000036       ,    -1.6859206159446617E-004
   6.6000000000000041       ,    -1.6277440927659200E-004
   6.7000000000000037       ,    -1.5723438932415928E-004
   6.8000000000000034       ,    -1.5195510657473025E-004
   6.9000000000000039       ,    -1.4692091313354700E-004
   7.0000000000000036       ,    -1.4211730039396313E-004
   7.1000000000000041       ,    -1.3753080175492175E-004
   7.2000000000000037       ,    -1.3314890484509122E-004
   7.3000000000000043       ,    -1.2895997220993636E-004
   7.4000000000000039       ,    -1.2495316954489995E-004
   7.5000000000000044       ,    -1.2111840066788303E-004
   7.6000000000000032       ,    -1.1744624851974885E-004
   7.7000000000000028       ,    -1.1392792156474652E-004
   7.8000000000000016       ,    -1.1055520503527687E-004
   7.9000000000000012       ,    -1.0732041652874120E-004
   8.0000000000000000       ,    -1.0421636551966378E-004
   8.0999999999999996       ,    -1.0123631639888098E-004
   8.1999999999999993       ,    -9.8373954694230573E-005
   8.2999999999999989       ,    -9.5623356164740173E-005
   8.3999999999999968       ,    -9.2978958493349621E-005
   8.4999999999999964       ,    -9.0435535332396343E-005
   8.5999999999999961       ,    -8.7988172481854590E-005
   8.6999999999999957       ,    -8.5632246003152185E-005
   8.7999999999999936       ,    -8.3363402091592764E-005
   8.8999999999999932       ,    -8.1177538548378797E-005
   8.9999999999999929       ,    -7.9070787709153046E-005
   9.0999999999999925       ,    -7.7039500700210045E-005
   9.1999999999999922       ,    -7.5080232906144396E-005
   9.2999999999999901       ,    -7.3189730544013026E-005
   9.3999999999999897       ,    -7.1364918249169765E-005
   9.4999999999999893       ,    -6.9602887586947654E-005
   9.5999999999999890       ,    -6.7900886412451751E-005
   9.6999999999999869       ,    -6.6256309007966686E-005
   9.7999999999999865       ,    -6.4666686933983905E-005
   9.8999999999999861       ,    -6.3129680535715737E-005
   9.9999999999999858       ,    -6.1643071052196183E-005
   10.099999999999985       ,    -6.0204753279835279E-005
   10.199999999999983       ,    -5.8812728746540637E-005
   10.299999999999983       ,    -5.7465099356391495E-005
   10.399999999999983       ,    -5.6160061468326459E-005
   10.499999999999982       ,    -5.4895900375458539E-005
   10.599999999999980       ,    -5.3670985154486443E-005
   10.699999999999980       ,    -5.2483763857247622E-005
   10.799999999999979       ,    -5.1332759018814139E-005
   10.899999999999979       ,    -5.0216563458651104E-005
   10.999999999999977       ,    -4.9133836353298349E-005
   11.099999999999977       ,    -4.8083299560789152E-005
   11.199999999999976       ,    -4.7063734178628387E-005
   11.299999999999976       ,    -4.6073977318603830E-005
   11.399999999999975       ,    -4.5112919083041204E-005
   11.499999999999973       ,    -4.4179499728322008E-005
   11.599999999999973       ,    -4.3272707002596179E-005
   11.699999999999973       ,    -4.2391573645635592E-005
   11.799999999999972       ,    -4.1535175039693949E-005
   11.899999999999970       ,    -4.0702627001101352E-005
   11.999999999999970       ,    -3.9893083703084319E-005
   12.099999999999969       ,    -3.9105735721026486E-005
   12.199999999999969       ,    -3.8339808192033662E-005
   12.299999999999969       ,    -3.7594559081270042E-005
   12.399999999999967       ,    -3.6869277548081742E-005
   12.499999999999966       ,    -3.6163282405436241E-005
   12.599999999999966       ,    -3.5475920666665574E-005
   12.699999999999966       ,    -3.4806566173941828E-005
   12.799999999999963       ,    -3.4154618303296378E-005
   12.899999999999963       ,    -3.3519500741371974E-005
   12.999999999999963       ,    -3.2900660329426704E-005
   13.099999999999962       ,    -3.2297565970419679E-005
   13.199999999999960       ,    -3.1709707595300635E-005
   13.299999999999960       ,    -3.1136595184883971E-005
   13.399999999999959       ,    -3.0577757843940463E-005
   13.499999999999959       ,    -3.0032742924360963E-005
   13.599999999999959       ,    -2.9501115194462731E-005
   13.699999999999957       ,    -2.8982456051696791E-005
   13.799999999999956       ,    -2.8476362776202267E-005
   13.899999999999956       ,    -2.7982447822817228E-005
   13.999999999999956       ,    -2.7500338149311108E-005
   14.099999999999953       ,    -2.7029674578750564E-005
   14.199999999999953       ,    -2.6570111194041291E-005
   14.299999999999953       ,    -2.6121314762816512E-005
   14.399999999999952       ,    -2.5682964190955585E-005
   14.499999999999952       ,    -2.5254750003125830E-005
   14.599999999999950       ,    -2.4836373848841387E-005
   14.699999999999950       ,    -2.4427548032624064E-005
   14.799999999999949       ,    -2.4027995066940655E-005
   14.899999999999949       ,    -2.3637447246672291E-005
   14.999999999999948       ,    -2.3255646243944117E-005
   15.099999999999950       ,    -2.2882342722218947E-005
   15.199999999999951       ,    -2.2517295968620273E-005
   15.299999999999951       ,    -2.2160273543513895E-005
   15.399999999999952       ,    -2.1811050946434515E-005
   15.499999999999954       ,    -2.1469411297498234E-005
   15.599999999999955       ,    -2.1135145033488799E-005
   15.699999999999955       ,    -2.0808049617858526E-005
   15.799999999999956       ,    -2.0487929263923117E-005
   15.899999999999958       ,    -2.0174594670573774E-005
   15.999999999999957       ,    -1.9867862769868509E-005
   16.099999999999959       ,    -1.9567556485900225E-005
   16.199999999999960       ,    -1.9273504504373197E-005
   16.299999999999962       ,    -1.8985541052351283E-005
   16.399999999999963       ,    -1.8703505687671774E-005
   16.499999999999961       ,    -1.8427243097546767E-005
   16.599999999999962       ,    -1.8156602905898827E-005
   16.699999999999964       ,    -1.7891439489004283E-005
   16.799999999999965       ,    -1.7631611799040144E-005
   16.899999999999967       ,    -1.7376983195152796E-005
   16.999999999999968       ,    -1.7127421281685034E-005
   17.099999999999969       ,    -1.6882797753221960E-005
   17.199999999999967       ,    -1.6642988246128805E-005
   17.299999999999969       ,    -1.6407872196275622E-005
   17.399999999999970       ,    -1.6177332702657519E-005
   17.499999999999972       ,    -1.5951256396634593E-005
   17.599999999999973       ,    -1.5729533316530144E-005
   17.699999999999974       ,    -1.5512056787340895E-005
   17.799999999999976       ,    -1.5298723305321414E-005
   17.899999999999974       ,    -1.5089432427223170E-005
   17.999999999999975       ,    -1.4884086663973649E-005
   18.099999999999977       ,    -1.4682591378596258E-005
   18.199999999999978       ,    -1.4484854688180222E-005
   18.299999999999979       ,    -1.4290787369718028E-005
   18.399999999999981       ,    -1.4100302769639610E-005
   18.499999999999979       ,    -1.3913316716878756E-005
   18.599999999999980       ,    -1.3729747439316334E-005
   18.699999999999982       ,    -1.3549515483452250E-005
   18.799999999999983       ,    -1.3372543637165722E-005
   18.899999999999984       ,    -1.3198756855429391E-005
   18.999999999999986       ,    -1.3028082188850335E-005
   19.099999999999987       ,    -1.2860448714916181E-005
   19.199999999999985       ,    -1.2695787471830954E-005
   19.299999999999986       ,    -1.2534031394830926E-005
   19.399999999999988       ,    -1.2375115254874776E-005
   19.499999999999989       ,    -1.2218975599609251E-005
   19.599999999999991       ,    -1.2065550696513819E-005
   19.699999999999992       ,    -1.1914780478134942E-005
   19.799999999999994       ,    -1.1766606489321777E-005
   19.899999999999991       ,    -1.1620971836382424E-005
   19.999999999999993       ,    -1.1477821138080465E-005
   20.099999999999994       ,    -1.1337100478397239E-005
   20.199999999999996       ,    -1.1198757360988247E-005
   20.299999999999997       ,    -1.1062740665264577E-005
   20.399999999999999       ,    -1.0929000604034611E-005
   20.500000000000000       ,    -1.0797488682642789E-005
   20.599999999999998       ,    -1.0668157659546087E-005
   20.699999999999999       ,    -1.0540961508271230E-005
   20.800000000000001       ,    -1.0415855380697860E-005
   20.900000000000002       ,    -1.0292795571615364E-005
   21.000000000000004       ,    -1.0171739484504202E-005
   21.100000000000005       ,    -1.0052645598492890E-005
   21.200000000000003       ,    -9.9354734364463141E-006
   21.300000000000004       ,    -9.8201835341405721E-006
   21.400000000000006       ,    -9.7067374104833260E-006
   21.500000000000007       ,    -9.5950975387392065E-006
   21.600000000000009       ,    -9.4852273187224730E-006
   21.700000000000010       ,    -9.3770910499196605E-006
   21.800000000000011       ,    -9.2706539055073914E-006
   21.900000000000009       ,    -9.1658819072320763E-006
   22.000000000000011       ,    -9.0627419011185108E-006
   22.100000000000012       ,    -8.9612015339769790E-006
   22.200000000000014       ,    -8.8612292306794690E-006
   22.300000000000015       ,    -8.7627941721754966E-006
   22.400000000000016       ,    -8.6658662742221900E-006
   22.500000000000018       ,    -8.5704161668002764E-006
   22.600000000000016       ,    -8.4764151741932981E-006
   22.700000000000017       ,    -8.3838352957036403E-006
   22.800000000000018       ,    -8.2926491869844881E-006
   22.900000000000020       ,    -8.2028301419638223E-006
   23.000000000000021       ,    -8.1143520753406094E-006
   23.100000000000023       ,    -8.0271895056317319E-006
   23.200000000000024       ,    -7.9413175387507181E-006
   23.300000000000022       ,    -7.8567118520990214E-006
   23.400000000000023       ,    -7.7733486791524302E-006
   23.500000000000025       ,    -7.6912047945243714E-006
   23.600000000000026       ,    -7.6102574994900974E-006
   23.700000000000028       ,    -7.5304846079556106E-006
   23.800000000000029       ,    -7.4518644328554113E-006
   23.900000000000027       ,    -7.3743757729651863E-006
   24.000000000000028       ,    -7.2979979001141884E-006
   24.100000000000030       ,    -7.2227105467843511E-006
   24.200000000000031       ,    -7.1484938940825352E-006
   24.300000000000033       ,    -7.0753285600734048E-006
   24.400000000000034       ,    -7.0031955884607730E-006
   24.500000000000036       ,    -6.9320764376053754E-006
   24.600000000000033       ,    -6.8619529698683719E-006
   24.700000000000035       ,    -6.7928074412688582E-006
   24.800000000000036       ,    -6.7246224914458785E-006
   24.900000000000038       ,    -6.6573811339138554E-006
   25.000000000000039       ,    -6.5910667466026400E-006
   25.100000000000041       ,    -6.5256630626721690E-006
   25.200000000000042       ,    -6.4611541615930824E-006
   25.300000000000040       ,    -6.3975244604843321E-006
   25.400000000000041       ,    -6.3347587056998927E-006
   25.500000000000043       ,    -6.2728419646558107E-006
   25.600000000000044       ,    -6.2117596178904899E-006
   25.700000000000045       ,    -6.1514973513503673E-006
   25.800000000000047       ,    -6.0920411488936977E-006
   25.900000000000048       ,    -6.0333772850058168E-006
   26.000000000000046       ,    -5.9754923177187225E-006
   26.100000000000048       ,    -5.9183730817289464E-006
   26.200000000000049       ,    -5.8620066817070649E-006
   26.300000000000050       ,    -5.8063804857930035E-006
   26.400000000000052       ,    -5.7514821192714274E-006
   26.500000000000053       ,    -5.6972994584213659E-006
   26.600000000000051       ,    -5.6438206245347195E-006
   26.700000000000053       ,    -5.5910339780985418E-006
   26.800000000000054       ,    -5.5389281131359135E-006
   26.900000000000055       ,    -5.4874918517004409E-006
   27.000000000000057       ,    -5.4367142385200191E-006
   27.100000000000058       ,    -5.3865845357848393E-006
   27.200000000000060       ,    -5.3370922180756295E-006
   27.300000000000058       ,    -5.2882269674276328E-006
   27.400000000000059       ,    -5.2399786685263801E-006
   27.500000000000060       ,    -5.1923374040310785E-006
   27.600000000000062       ,    -5.1452934500221747E-006
   27.700000000000063       ,    -5.0988372715688847E-006
   27.800000000000065       ,    -5.0529595184134364E-006
   27.900000000000066       ,    -5.0076510207685750E-006
   28.000000000000064       ,    -4.9629027852247676E-006
   28.100000000000065       ,    -4.9187059907640237E-006
   28.200000000000067       ,    -4.8750519848771903E-006
   28.300000000000068       ,    -4.8319322797816591E-006
   28.400000000000070       ,    -4.7893385487365160E-006
   28.500000000000071       ,    -4.7472626224524244E-006
   28.600000000000072       ,    -4.7056964855933122E-006
   28.700000000000070       ,    -4.6646322733674080E-006
   28.800000000000072       ,    -4.6240622682048797E-006
   28.900000000000073       ,    -4.5839788965197523E-006
   29.000000000000075       ,    -4.5443747255535358E-006
   29.100000000000076       ,    -4.5052424602983046E-006
   29.200000000000077       ,    -4.4665749404970837E-006
   29.300000000000075       ,    -4.4283651377190614E-006
   29.400000000000077       ,    -4.3906061525079066E-006
   29.500000000000078       ,    -4.3532912116007461E-006
   29.600000000000080       ,    -4.3164136652161169E-006
   29.700000000000081       ,    -4.2799669844088190E-006
   29.800000000000082       ,    -4.2439447584897842E-006
   29.900000000000084       ,    -4.2083406925092868E-006
   30.000000000000082       ,    -4.1731486048016248E-006
   30.100000000000083       ,    -4.1383624245896181E-006
   30.200000000000085       ,    -4.1039761896473178E-006
   30.300000000000086       ,    -4.0699840440191575E-006
   30.400000000000087       ,    -4.0363802357942903E-006
   30.500000000000089       ,    -4.0031591149344372E-006
   30.600000000000090       ,    -3.9703151311537101E-006
   30.700000000000088       ,    -3.9378428318491741E-006
   30.800000000000090       ,    -3.9057368600806952E-006
   30.900000000000091       ,    -3.8739919525988168E-006
   31.000000000000092       ,    -3.8426029379192478E-006
   31.100000000000094       ,    -3.8115647344428282E-006
   31.200000000000095       ,    -3.7808723486197157E-006
   31.300000000000097       ,    -3.7505208731566987E-006
   31.400000000000095       ,    -3.7205054852662780E-006
   31.500000000000096       ,    -3.6908214449567086E-006
   31.600000000000097       ,    -3.6614640933617340E-006
   31.700000000000099       ,    -3.6324288511089436E-006
   31.800000000000100       ,    -3.6037112167258987E-006
   31.900000000000102       ,    -3.5753067650829798E-006
   32.000000000000099       ,    -3.5472111458718686E-006
   32.100000000000101       ,    -3.5194200821189145E-006
   32.200000000000102       ,    -3.4919293687325058E-006
   32.300000000000104       ,    -3.4647348710833260E-006
   32.400000000000105       ,    -3.4378325236168990E-006
   32.500000000000107       ,    -3.4112183284975489E-006
   32.600000000000108       ,    -3.3848883542828390E-006
   32.700000000000109       ,    -3.3588387346278763E-006
   32.800000000000111       ,    -3.3330656670186368E-006
   32.900000000000112       ,    -3.3075654115335870E-006
   33.000000000000114       ,    -3.2823342896328857E-006
   33.100000000000108       ,    -3.2573686829745085E-006
   33.200000000000109       ,    -3.2326650322565982E-006
   33.300000000000111       ,    -3.2082198360854008E-006
   33.400000000000112       ,    -3.1840296498680137E-006
   33.500000000000114       ,    -3.1600910847296053E-006
   33.600000000000115       ,    -3.1364008064542692E-006
   33.700000000000117       ,    -3.1129555344489664E-006
   33.800000000000118       ,    -3.0897520407300608E-006
   33.900000000000119       ,    -3.0667871489318722E-006
   34.000000000000121       ,    -3.0440577333366284E-006
   34.100000000000122       ,    -3.0215607179254124E-006
   34.200000000000124       ,    -2.9992930754495096E-006
   34.300000000000125       ,    -2.9772518265216383E-006
   34.400000000000119       ,    -2.9554340387267159E-006
   34.500000000000121       ,    -2.9338368257515438E-006
   34.600000000000122       ,    -2.9124573465330320E-006
   34.700000000000124       ,    -2.8912928044244405E-006
   34.800000000000125       ,    -2.8703404463793673E-006
   34.900000000000126       ,    -2.8495975621528878E-006
   35.000000000000128       ,    -2.8290614835194881E-006
   35.100000000000129       ,    -2.8087295835074428E-006
   35.200000000000131       ,    -2.7885992756492515E-006
   35.300000000000132       ,    -2.7686680132476104E-006
   35.400000000000134       ,    -2.7489332886567801E-006
   35.500000000000135       ,    -2.7293926325787692E-006
   35.600000000000136       ,    -2.7100436133741374E-006
   35.700000000000138       ,    -2.6908838363870603E-006
   35.800000000000132       ,    -2.6719109432841963E-006
   35.900000000000134       ,    -2.6531226114071607E-006
   36.000000000000135       ,    -2.6345165531383172E-006
   36.100000000000136       ,    -2.6160905152794542E-006
   36.200000000000138       ,    -2.5978422784431212E-006
   36.300000000000139       ,    -2.5797696564563372E-006
   36.400000000000141       ,    -2.5618704957763915E-006
   36.500000000000142       ,    -2.5441426749184458E-006
   36.600000000000144       ,    -2.5265841038946075E-006
   36.700000000000145       ,    -2.5091927236643750E-006
   36.800000000000146       ,    -2.4919665055960113E-006
   36.900000000000148       ,    -2.4749034509387330E-006
   37.000000000000149       ,    -2.4580015903053961E-006
   37.100000000000144       ,    -2.4412589831654965E-006
   37.200000000000145       ,    -2.4246737173481781E-006
   37.300000000000146       ,    -2.4082439085551332E-006
   37.400000000000148       ,    -2.3919676998830475E-006
   37.500000000000149       ,    -2.3758432613555026E-006
   37.600000000000151       ,    -2.3598687894640167E-006
   37.700000000000152       ,    -2.3440425067180990E-006
   37.800000000000153       ,    -2.3283626612040790E-006
   37.900000000000155       ,    -2.3128275261525555E-006
   38.000000000000156       ,    -2.2974353995141621E-006
   38.100000000000158       ,    -2.2821846035436720E-006
   38.200000000000159       ,    -2.2670734843920617E-006
   38.300000000000161       ,    -2.2521004117064440E-006
   38.400000000000162       ,    -2.2372637782377506E-006
   38.500000000000156       ,    -2.2225619994558376E-006
   38.600000000000158       ,    -2.2079935131720700E-006
   38.700000000000159       ,    -2.1935567791690276E-006
   38.800000000000161       ,    -2.1792502788372742E-006
   38.900000000000162       ,    -2.1650725148190777E-006
   39.000000000000163       ,    -2.1510220106587861E-006
   39.100000000000165       ,    -2.1370973104598792E-006
   39.200000000000166       ,    -2.1232969785484986E-006
   39.300000000000168       ,    -2.1096195991432089E-006
   39.400000000000169       ,    -2.0960637760310468E-006
   39.500000000000171       ,    -2.0826281322495958E-006
   39.600000000000172       ,    -2.0693113097749806E-006
   39.700000000000173       ,    -2.0561119692157001E-006
   39.800000000000168       ,    -2.0430287895121025E-006
   39.900000000000169       ,    -2.0300604676414848E-006
   40.000000000000171       ,    -2.0172057183285900E-006
   40.100000000000172       ,    -2.0044632737614730E-006
   40.200000000000173       ,    -1.9918318833125770E-006
   40.300000000000175       ,    -1.9793103132649357E-006
   40.400000000000176       ,    -1.9668973465433531E-006
   40.500000000000178       ,    -1.9545917824505914E-006
   40.600000000000179       ,    -1.9423924364082075E-006
   40.700000000000180       ,    -1.9302981397022510E-006
   40.800000000000182       ,    -1.9183077392334551E-006
   40.900000000000183       ,    -1.9064200972720384E-006
   41.000000000000185       ,    -1.8946340912168601E-006
   41.100000000000186       ,    -1.8829486133589351E-006
   41.200000000000180       ,    -1.8713625706492198E-006
   41.300000000000182       ,    -1.8598748844705149E-006
   41.400000000000183       ,    -1.8484844904134717E-006
   41.500000000000185       ,    -1.8371903380565730E-006
   41.600000000000186       ,    -1.8259913907500634E-006
   41.700000000000188       ,    -1.8148866254036767E-006
   41.800000000000189       ,    -1.8038750322781223E-006
   41.900000000000190       ,    -1.7929556147802945E-006
   42.000000000000192       ,    -1.7821273892620464E-006
   42.100000000000193       ,    -1.7713893848225064E-006
   42.200000000000195       ,    -1.7607406431139123E-006
   42.300000000000196       ,    -1.7501802181507672E-006
   42.400000000000198       ,    -1.7397071761223906E-006
   42.500000000000192       ,    -1.7293205952086960E-006
   42.600000000000193       ,    -1.7190195653991959E-006
   42.700000000000195       ,    -1.7088031883151293E-006
   42.800000000000196       ,    -1.6986705770346814E-006
   42.900000000000198       ,    -1.6886208559211788E-006
   43.000000000000199       ,    -1.6786531604543237E-006
   43.100000000000200       ,    -1.6687666370642426E-006
   43.200000000000202       ,    -1.6589604429684352E-006
   43.300000000000203       ,    -1.6492337460114977E-006
   43.400000000000205       ,    -1.6395857245075581E-006
   43.500000000000206       ,    -1.6300155670854507E-006
   43.600000000000207       ,    -1.6205224725364478E-006
   43.700000000000209       ,    -1.6111056496646549E-006
   43.800000000000210       ,    -1.6017643171398510E-006
   43.900000000000205       ,    -1.5924977033528960E-006
   44.000000000000206       ,    -1.5833050462734881E-006
   44.100000000000207       ,    -1.5741855933104039E-006
   44.200000000000209       ,    -1.5651386011739960E-006
   44.300000000000210       ,    -1.5561633357410639E-006
   44.400000000000212       ,    -1.5472590719219088E-006
   44.500000000000213       ,    -1.5384250935296686E-006
   44.600000000000215       ,    -1.5296606931517830E-006
   44.700000000000216       ,    -1.5209651720236159E-006
   44.800000000000217       ,    -1.5123378399041300E-006
   44.900000000000219       ,    -1.5037780149536873E-006
   45.000000000000220       ,    -1.4952850236137636E-006
   45.100000000000222       ,    -1.4868582004887275E-006
   45.200000000000216       ,    -1.4784968882295242E-006
   45.300000000000217       ,    -1.4702004374192471E-006
   45.400000000000219       ,    -1.4619682064606153E-006
   45.500000000000220       ,    -1.4537995614652508E-006
   45.600000000000222       ,    -1.4456938761447723E-006
   45.700000000000223       ,    -1.4376505317036773E-006
   45.800000000000225       ,    -1.4296689167339021E-006
   45.900000000000226       ,    -1.4217484271111598E-006
   46.000000000000227       ,    -1.4138884658928715E-006
   46.100000000000229       ,    -1.4060884432178231E-006
   46.200000000000230       ,    -1.3983477762073536E-006
   46.300000000000232       ,    -1.3906658888681851E-006
   46.400000000000233       ,    -1.3830422119967838E-006
   46.500000000000234       ,    -1.3754761830852341E-006
   46.600000000000229       ,    -1.3679672462286462E-006
   46.700000000000230       ,    -1.3605148520340116E-006
   46.800000000000232       ,    -1.3531184575304825E-006
   46.900000000000233       ,    -1.3457775260811437E-006
   47.000000000000234       ,    -1.3384915272960802E-006
   47.100000000000236       ,    -1.3312599369468988E-006
   47.200000000000237       ,    -1.3240822368825551E-006
   47.300000000000239       ,    -1.3169579149464859E-006
   47.400000000000240       ,    -1.3098864648950876E-006
   47.500000000000242       ,    -1.3028673863174268E-006
   47.600000000000243       ,    -1.2959001845562139E-006
   47.700000000000244       ,    -1.2889843706300351E-006
   47.800000000000246       ,    -1.2821194611567273E-006
   47.900000000000240       ,    -1.2753049782780222E-006
   48.000000000000242       ,    -1.2685404495852895E-006
   48.100000000000243       ,    -1.2618254080464697E-006
   48.200000000000244       ,    -1.2551593919341059E-006
   48.300000000000246       ,    -1.2485419447544883E-006
   48.400000000000247       ,    -1.2419726151779066E-006
   48.500000000000249       ,    -1.2354509569699394E-006
   48.600000000000250       ,    -1.2289765289238150E-006
   48.700000000000252       ,    -1.2225488947937930E-006
   48.800000000000253       ,    -1.2161676232295651E-006
   48.900000000000254       ,    -1.2098322877116665E-006
   49.000000000000256       ,    -1.2035424664878284E-006
   49.100000000000257       ,    -1.1972977425103323E-006
   49.200000000000259       ,    -1.1910977033742966E-006
   49.300000000000253       ,    -1.1849419412568829E-006
   49.400000000000254       ,    -1.1788300528574311E-006
   49.500000000000256       ,    -1.1727616393384901E-006
   49.600000000000257       ,    -1.1667363062677268E-006
   49.700000000000259       ,    -1.1607536635607184E-006
   49.800000000000260       ,    -1.1548133254245627E-006
   49.900000000000261       ,    -1.1489149103023768E-006
   50.000000000000263       ,    -1.1430580408186003E-006
   50.100000000000264       ,    -1.1372423437250723E-006
   50.200000000000266       ,    -1.1314674498479817E-006
   50.300000000000267       ,    -1.1257329940355404E-006
   50.400000000000269       ,    -1.1200386151064586E-006
   50.500000000000270       ,    -1.1143839557991527E-006
   50.600000000000264       ,    -1.1087686627217416E-006
   50.700000000000266       ,    -1.1031923863027268E-006
   50.800000000000267       ,    -1.0976547807424421E-006
   50.900000000000269       ,    -1.0921555039651616E-006
   51.000000000000270       ,    -1.0866942175719639E-006
   51.100000000000271       ,    -1.0812705867942255E-006
   51.200000000000273       ,    -1.0758842804478370E-006
   51.300000000000274       ,    -1.0705349708880541E-006
   51.400000000000276       ,    -1.0652223339649982E-006
   51.500000000000277       ,    -1.0599460489798322E-006
   51.600000000000279       ,    -1.0547057986415397E-006
   51.700000000000280       ,    -1.0495012690243307E-006
   51.800000000000281       ,    -1.0443321495256593E-006
   51.900000000000283       ,    -1.0391981328248656E-006
   52.000000000000277       ,    -1.0340989148423614E-006
   52.100000000000279       ,    -1.0290341946994463E-006
   52.200000000000280       ,    -1.0240036746786816E-006
   52.300000000000281       ,    -1.0190070601847971E-006
   52.400000000000283       ,    -1.0140440597062188E-006
   52.500000000000284       ,    -1.0091143847770726E-006
   52.600000000000286       ,    -1.0042177499397646E-006
   52.700000000000287       ,    -9.9935387270808299E-007
   52.800000000000288       ,    -9.9452247353082630E-007
   52.900000000000290       ,    -9.8972327575591049E-007
   53.000000000000291       ,    -9.8495600559504219E-007
   53.100000000000293       ,    -9.8022039208880698E-007
   53.200000000000294       ,    -9.7551616707233270E-007
   53.300000000000288       ,    -9.7084306514134791E-007
   53.400000000000290       ,    -9.6620082361878730E-007
   53.500000000000291       ,    -9.6158918252180932E-007
   53.600000000000293       ,    -9.5700788452929640E-007
   53.700000000000294       ,    -9.5245667494980192E-007
   53.800000000000296       ,    -9.4793530168994201E-007
   53.900000000000297       ,    -9.4344351522321396E-007
   54.000000000000298       ,    -9.3898106855926353E-007
   54.100000000000300       ,    -9.3454771721354928E-007
   54.200000000000301       ,    -9.3014321917744998E-007
   54.300000000000303       ,    -9.2576733488877036E-007
   54.400000000000304       ,    -9.2141982720263930E-007
   54.500000000000306       ,    -9.1710046136283255E-007
   54.600000000000307       ,    -9.1280900497345888E-007
   54.700000000000301       ,    -9.0854522797104473E-007
   54.800000000000303       ,    -9.0430890259701208E-007
   54.900000000000304       ,    -9.0009980337049485E-007
   55.000000000000306       ,    -8.9591770706155488E-007
   55.100000000000307       ,    -8.9176239266475096E-007
   55.200000000000308       ,    -8.8763364137305495E-007
   55.300000000000310       ,    -8.8353123655213621E-007
   55.400000000000311       ,    -8.7945496371496697E-007
   55.500000000000313       ,    -8.7540461049680876E-007
   55.600000000000314       ,    -8.7137996663048314E-007
   55.700000000000315       ,    -8.6738082392201849E-007
   55.800000000000317       ,    -8.6340697622659218E-007
   55.900000000000318       ,    -8.5945821942481100E-007
   56.000000000000313       ,    -8.5553435139929736E-007
   56.100000000000314       ,    -8.5163517201158935E-007
   56.200000000000315       ,    -8.4776048307934504E-007
   56.300000000000317       ,    -8.4391008835386553E-007
   56.400000000000318       ,    -8.4008379349787695E-007
   56.500000000000320       ,    -8.3628140606365075E-007
   56.600000000000321       ,    -8.3250273547136784E-007
   56.700000000000323       ,    -8.2874759298782153E-007
   56.800000000000324       ,    -8.2501579170533200E-007
   56.900000000000325       ,    -8.2130714652100728E-007
   57.000000000000327       ,    -8.1762147411621079E-007
   57.100000000000328       ,    -8.1395859293634526E-007
   57.200000000000330       ,    -8.1031832317088633E-007
   57.300000000000331       ,    -8.0670048673365696E-007
   57.400000000000325       ,    -8.0310490724337977E-007
   57.500000000000327       ,    -7.9953141000448149E-007
   57.600000000000328       ,    -7.9597982198813344E-007
   57.700000000000330       ,    -7.9244997181353717E-007
   57.800000000000331       ,    -7.8894168972946891E-007
   57.900000000000333       ,    -7.8545480759603792E-007
   58.000000000000334       ,    -7.8198915886670491E-007
   58.100000000000335       ,    -7.7854457857050725E-007
   58.200000000000337       ,    -7.7512090329453010E-007
   58.300000000000338       ,    -7.7171797116658452E-007
   58.400000000000340       ,    -7.6833562183812476E-007
   58.500000000000341       ,    -7.6497369646737517E-007
   58.600000000000342       ,    -7.6163203770266624E-007
   58.700000000000337       ,    -7.5831048966599431E-007
   58.800000000000338       ,    -7.5500889793677350E-007
   58.900000000000340       ,    -7.5172710953582004E-007
   59.000000000000341       ,    -7.4846497290950438E-007
   59.100000000000342       ,    -7.4522233791413914E-007
   59.200000000000344       ,    -7.4199905580052291E-007
   59.300000000000345       ,    -7.3879497919873057E-007
   59.400000000000347       ,    -7.3560996210304190E-007
   59.500000000000348       ,    -7.3244385985709542E-007
   59.600000000000350       ,    -7.2929652913920918E-007
   59.700000000000344       ,    -7.2616782794790134E-007
   59.800000000000338       ,    -7.2305761558756494E-007
   59.900000000000333       ,    -7.1996575265436234E-007
   60.000000000000327       ,    -7.1689210102224119E-007
   60.100000000000321       ,    -7.1383652382917895E-007
   60.200000000000315       ,    -7.1079888546356019E-007
   60.300000000000310       ,    -7.0777905155073336E-007
   60.400000000000304       ,    -7.0477688893974401E-007
   60.500000000000298       ,    -7.0179226569020945E-007
   60.600000000000293       ,    -6.9882505105938327E-007
   60.700000000000287       ,    -6.9587511548935711E-007
   60.800000000000281       ,    -6.9294233059442442E-007
   60.900000000000276       ,    -6.9002656914859635E-007
   61.000000000000270       ,    -6.8712770507329119E-007
   61.100000000000264       ,    -6.8424561342514587E-007
   61.200000000000259       ,    -6.8138017038399340E-007
   61.300000000000253       ,    -6.7853125324097285E-007
   61.400000000000247       ,    -6.7569874038680885E-007
   61.500000000000242       ,    -6.7288251130020449E-007
   61.600000000000236       ,    -6.7008244653638987E-007
   61.700000000000230       ,    -6.6729842771581353E-007
   61.800000000000225       ,    -6.6453033751295583E-007
   61.900000000000219       ,    -6.6177805964529425E-007
   62.000000000000213       ,    -6.5904147886238401E-007
   62.100000000000207       ,    -6.5632048093508555E-007
   62.200000000000202       ,    -6.5361495264490855E-007
   62.300000000000196       ,    -6.5092478177349967E-007
   62.400000000000190       ,    -6.4824985709223681E-007
   62.500000000000185       ,    -6.4559006835195901E-007
   62.600000000000179       ,    -6.4294530627282385E-007
   62.700000000000173       ,    -6.4031546253427144E-007
   62.800000000000168       ,    -6.3770042976511186E-007
   62.900000000000162       ,    -6.3510010153374766E-007
   63.000000000000156       ,    -6.3251437233848423E-007
   63.100000000000151       ,    -6.2994313759797825E-007
   63.200000000000145       ,    -6.2738629364178507E-007
   63.300000000000139       ,    -6.2484373770102012E-007
   63.400000000000134       ,    -6.2231536789913818E-007
   63.500000000000128       ,    -6.1980108324281342E-007
   63.600000000000122       ,    -6.1730078361292658E-007
   63.700000000000117       ,    -6.1481436975565964E-007
   63.800000000000111       ,    -6.1234174327370352E-007
   63.900000000000105       ,    -6.0988280661754437E-007
   64.000000000000099       ,    -6.0743746307688365E-007
   64.100000000000094       ,    -6.0500561677212662E-007
   64.200000000000088       ,    -6.0258717264600197E-007
   64.300000000000082       ,    -6.0018203645524584E-007
   64.400000000000077       ,    -5.9779011476240392E-007
   64.500000000000071       ,    -5.9541131492773508E-007
   64.600000000000065       ,    -5.9304554510117662E-007
   64.700000000000060       ,    -5.9069271421443597E-007
   64.800000000000054       ,    -5.8835273197315245E-007
   64.900000000000048       ,    -5.8602550884916839E-007
   65.000000000000043       ,    -5.8371095607285876E-007
   65.100000000000037       ,    -5.8140898562558660E-007
   65.200000000000031       ,    -5.7911951023221920E-007
   65.300000000000026       ,    -5.7684244335372863E-007
   65.400000000000020       ,    -5.7457769917989579E-007
   65.500000000000014       ,    -5.7232519262208357E-007
   65.600000000000009       ,    -5.7008483930609231E-007
   65.700000000000003       ,    -5.6785655556510423E-007
   65.799999999999997       ,    -5.6564025843270367E-007
   65.899999999999991       ,    -5.6343586563597389E-007
   65.999999999999986       ,    -5.6124329558867535E-007
   66.099999999999980       ,    -5.5906246738450095E-007
   66.199999999999974       ,    -5.5689330079040611E-007
   66.299999999999969       ,    -5.5473571624001952E-007
   66.399999999999963       ,    -5.5258963482711560E-007
   66.499999999999957       ,    -5.5045497829917639E-007
   66.599999999999952       ,    -5.4833166905100791E-007
   66.699999999999946       ,    -5.4621963011845143E-007
   66.799999999999940       ,    -5.4411878517213792E-007
   66.899999999999935       ,    -5.4202905851133422E-007
   66.999999999999929       ,    -5.3995037505784430E-007
   67.099999999999923       ,    -5.3788266034999037E-007
   67.199999999999918       ,    -5.3582584053664529E-007
   67.299999999999912       ,    -5.3377984237135006E-007
   67.399999999999906       ,    -5.3174459320647826E-007
   67.499999999999901       ,    -5.2972002098748104E-007
   67.599999999999895       ,    -5.2770605424718082E-007
   67.699999999999889       ,    -5.2570262210014490E-007
   67.799999999999883       ,    -5.2370965423710076E-007
   67.899999999999878       ,    -5.2172708091943499E-007
   67.999999999999872       ,    -5.1975483297373545E-007
   68.099999999999866       ,    -5.1779284178640012E-007
   68.199999999999861       ,    -5.1584103929830722E-007
   68.299999999999855       ,    -5.1389935799953791E-007
   68.399999999999849       ,    -5.1196773092416363E-007
   68.499999999999844       ,    -5.1004609164508356E-007
   68.599999999999838       ,    -5.0813437426892271E-007
   68.699999999999832       ,    -5.0623251343098128E-007
   68.799999999999827       ,    -5.0434044429025029E-007
   68.899999999999821       ,    -5.0245810252446259E-007
   68.999999999999815       ,    -5.0058542432521934E-007
   69.099999999999810       ,    -4.9872234639314383E-007
   69.199999999999804       ,    -4.9686880593311604E-007
   69.299999999999798       ,    -4.9502474064953566E-007
   69.399999999999793       ,    -4.9319008874164610E-007
   69.499999999999787       ,    -4.9136478889890771E-007
   69.599999999999781       ,    -4.8954878029642591E-007
   69.699999999999775       ,    -4.8774200259041744E-007
   69.799999999999770       ,    -4.8594439591372745E-007
   69.899999999999764       ,    -4.8415590087141232E-007
   69.999999999999758       ,    -4.8237645853633763E-007
   70.099999999999753       ,    -4.8060601044485450E-007
   70.199999999999747       ,    -4.7884449859250095E-007
   70.299999999999741       ,    -4.7709186542976110E-007
   70.399999999999736       ,    -4.7534805385786254E-007
   70.499999999999730       ,    -4.7361300722461929E-007
   70.599999999999724       ,    -4.7188666932032124E-007
   70.699999999999719       ,    -4.7016898437367303E-007
   70.799999999999713       ,    -4.6845989704775556E-007
   70.899999999999707       ,    -4.6675935243605495E-007
   70.999999999999702       ,    -4.6506729605851437E-007
   71.099999999999696       ,    -4.6338367385764150E-007
   71.199999999999690       ,    -4.6170843219464409E-007
   71.299999999999685       ,    -4.6004151784561685E-007
   71.399999999999679       ,    -4.5838287799776348E-007
   71.499999999999673       ,    -4.5673246024565477E-007
   71.599999999999667       ,    -4.5509021258753594E-007
   71.699999999999662       ,    -4.5345608342165852E-007
   71.799999999999656       ,    -4.5183002154266427E-007
   71.899999999999650       ,    -4.5021197613800160E-007
   71.999999999999645       ,    -4.4860189678437117E-007
   72.099999999999639       ,    -4.4699973344422394E-007
   72.199999999999633       ,    -4.4540543646227980E-007
   72.299999999999628       ,    -4.4381895656209565E-007
   72.399999999999622       ,    -4.4224024484266152E-007
   72.499999999999616       ,    -4.4066925277502797E-007
   72.599999999999611       ,    -4.3910593219898252E-007
   72.699999999999605       ,    -4.3755023531974536E-007
   72.799999999999599       ,    -4.3600211470470270E-007
   72.899999999999594       ,    -4.3446152328018649E-007
   72.999999999999588       ,    -4.3292841432826647E-007
   73.099999999999582       ,    -4.3140274148358826E-007
   73.199999999999577       ,    -4.2988445873024310E-007
   73.299999999999571       ,    -4.2837352039866598E-007
   73.399999999999565       ,    -4.2686988116256378E-007
   73.499999999999559       ,    -4.2537349603588649E-007
   73.599999999999554       ,    -4.2388432036980962E-007
   73.699999999999548       ,    -4.2240230984976413E-007
   73.799999999999542       ,    -4.2092742049248937E-007
   73.899999999999537       ,    -4.1945960864312012E-007
   73.999999999999531       ,    -4.1799883097229456E-007
   74.099999999999525       ,    -4.1654504447329912E-007
   74.199999999999520       ,    -4.1509820645924036E-007
   74.299999999999514       ,    -4.1365827456024649E-007
   74.399999999999508       ,    -4.1222520672069386E-007
   74.499999999999503       ,    -4.1079896119646330E-007
   74.599999999999497       ,    -4.0937949655222160E-007
   74.699999999999491       ,    -4.0796677165873626E-007
   74.799999999999486       ,    -4.0656074569021106E-007
   74.899999999999480       ,    -4.0516137812164947E-007
   74.999999999999474       ,    -4.0376862872625094E-007
   75.099999999999469       ,    -4.0238245757281927E-007
   75.199999999999463       ,    -4.0100282502321202E-007
   75.299999999999457       ,    -3.9962969172980288E-007
   75.399999999999437       ,    -3.9826301863298080E-007
   75.499999999999432       ,    -3.9690276695866399E-007
   75.599999999999426       ,    -3.9554889821584167E-007
   75.699999999999420       ,    -3.9420137419414676E-007
   75.799999999999415       ,    -3.9286015696143843E-007
   75.899999999999409       ,    -3.9152520886142403E-007
   75.999999999999403       ,    -3.9019649251129362E-007
   76.099999999999397       ,    -3.8887397079938191E-007
   76.199999999999392       ,    -3.8755760688285514E-007
   76.299999999999386       ,    -3.8624736418541522E-007
   76.399999999999380       ,    -3.8494320639503228E-007
   76.499999999999375       ,    -3.8364509746169249E-007
   76.599999999999369       ,    -3.8235300159517629E-007
   76.699999999999363       ,    -3.8106688326285310E-007
   76.799999999999358       ,    -3.7978670718749657E-007
   76.899999999999352       ,    -3.7851243834512704E-007
   76.999999999999346       ,    -3.7724404196286598E-007
   77.099999999999341       ,    -3.7598148351681952E-007
   77.199999999999335       ,    -3.7472472872997994E-007
   77.299999999999329       ,    -3.7347374357014385E-007
   77.399999999999324       ,    -3.7222849424785892E-007
   77.499999999999318       ,    -3.7098894721437849E-007
   77.599999999999312       ,    -3.6975506915964724E-007
   77.699999999999307       ,    -3.6852682701030051E-007
   77.799999999999301       ,    -3.6730418792768468E-007
   77.899999999999295       ,    -3.6608711930589250E-007
   77.999999999999289       ,    -3.6487558876982802E-007
   78.099999999999284       ,    -3.6366956417327439E-007
   78.199999999999278       ,    -3.6246901359699465E-007
   78.299999999999272       ,    -3.6127390534684171E-007
   78.399999999999267       ,    -3.6008420795189133E-007
   78.499999999999261       ,    -3.5889989016258844E-007
   78.599999999999255       ,    -3.5772092094891656E-007
   78.699999999999250       ,    -3.5654726949857941E-007
   78.799999999999244       ,    -3.5537890521520624E-007
   78.899999999999238       ,    -3.5421579771656235E-007
   78.999999999999233       ,    -3.5305791683279244E-007
   79.099999999999227       ,    -3.5190523260466902E-007
   79.199999999999221       ,    -3.5075771528186156E-007
   79.299999999999216       ,    -3.4961533532121850E-007
   79.399999999999210       ,    -3.4847806338507396E-007
   79.499999999999204       ,    -3.4734587033956206E-007
   79.599999999999199       ,    -3.4621872725294836E-007
   79.699999999999193       ,    -3.4509660539397944E-007
   79.799999999999187       ,    -3.4397947623025044E-007
   79.899999999999181       ,    -3.4286731142657764E-007
   79.999999999999176       ,    -3.4176008284340218E-007
