  0.10000000000000001       ,    -1.0314054302221882     
  0.20000000000000001       ,   -0.25701622216307896     
  0.29999999999999999       ,   -0.11375640557907996     
  0.40000000000000002       ,    -6.3684911498105554E-002
  0.50000000000000000       ,    -4.0548216801998001E-002
  0.59999999999999998       ,    -2.8004717619562414E-002
  0.69999999999999996       ,    -2.0457876868347442E-002
  0.79999999999999993       ,    -1.5571320331144129E-002
  0.89999999999999991       ,    -1.2229636003746045E-002
  0.99999999999999989       ,    -9.8457822941054405E-003
   1.0999999999999999       ,    -8.0869755403029427E-003
   1.2000000000000000       ,    -6.7531845218459204E-003
   1.3000000000000000       ,    -5.7183318444533112E-003
   1.4000000000000001       ,    -4.8997728633722037E-003
   1.5000000000000002       ,    -4.2415158533007143E-003
   1.6000000000000003       ,    -3.7045432632592783E-003
   1.7000000000000004       ,    -3.2609968836847833E-003
   1.8000000000000005       ,    -2.8905599062515469E-003
   1.9000000000000006       ,    -2.5781363007525361E-003
   2.0000000000000004       ,    -2.3123220185960573E-003
   2.1000000000000005       ,    -2.0843737480015427E-003
   2.2000000000000006       ,    -1.8874984765611578E-003
   2.3000000000000007       ,    -1.7163547210490879E-003
   2.4000000000000008       ,    -1.5666963359886816E-003
   2.5000000000000009       ,    -1.4351141773987816E-003
   2.6000000000000010       ,    -1.3188460784540538E-003
   2.7000000000000011       ,    -1.2156352587788619E-003
   2.8000000000000012       ,    -1.1236235651987012E-003
   2.9000000000000012       ,    -1.0412700915022437E-003
   3.0000000000000013       ,    -9.6728851443079664E-004
   3.1000000000000014       ,    -9.0059838736348576E-004
   3.2000000000000015       ,    -8.4028695153867705E-004
   3.3000000000000016       ,    -7.8557894945761951E-004
   3.4000000000000017       ,    -7.3581258180950039E-004
   3.5000000000000018       ,    -6.9042022090725816E-004
   3.6000000000000014       ,    -6.4891283599589737E-004
   3.7000000000000015       ,    -6.1086733681622028E-004
   3.8000000000000016       ,    -5.7591622758230261E-004
   3.9000000000000017       ,    -5.4373910223667811E-004
   4.0000000000000018       ,    -5.1405561627231987E-004
   4.1000000000000023       ,    -4.8661964964688288E-004
   4.2000000000000020       ,    -4.6121443588552406E-004
   4.3000000000000025       ,    -4.3764847909699212E-004
   4.4000000000000021       ,    -4.1575211676366035E-004
   4.5000000000000027       ,    -3.9537461434795200E-004
   4.6000000000000023       ,    -3.7638169986898255E-004
   4.7000000000000020       ,    -3.5865346405178740E-004
   4.8000000000000025       ,    -3.4208256549547630E-004
   4.9000000000000021       ,    -3.2657269134861867E-004
   5.0000000000000027       ,    -3.1203723283104381E-004
   5.1000000000000023       ,    -2.9839814206967700E-004
   5.2000000000000028       ,    -2.8558494248373810E-004
   5.3000000000000025       ,    -2.7353386964144627E-004
   5.4000000000000030       ,    -2.6218712333530507E-004
   5.5000000000000027       ,    -2.5149221475680541E-004
   5.6000000000000032       ,    -2.4140139522909164E-004
   5.7000000000000028       ,    -2.3187115508420698E-004
   5.8000000000000034       ,    -2.2286178303482069E-004
   5.9000000000000030       ,    -2.1433697785630510E-004
   6.0000000000000036       ,    -2.0626350541793557E-004
   6.1000000000000032       ,    -1.9861089512544092E-004
   6.2000000000000037       ,    -1.9135117069616809E-004
   6.3000000000000034       ,    -1.8445861091154604E-004
   6.4000000000000039       ,    -1.7790953660222684E-004
   6.5000000000000036       ,    -1.7168212063855583E-004
   6.6000000000000041       ,    -1.6575621813807193E-004
   6.7000000000000037       ,    -1.6011321447558299E-004
   6.8000000000000034       ,    -1.5473588900033494E-004
   6.9000000000000039       ,    -1.4960829263774720E-004
   7.0000000000000036       ,    -1.4471563778718148E-004
   7.1000000000000041       ,    -1.4004419912842759E-004
   7.2000000000000037       ,    -1.3558122412280160E-004
   7.3000000000000043       ,    -1.3131485214444089E-004
   7.4000000000000039       ,    -1.2723404130672163E-004
   7.5000000000000044       ,    -1.2332850216098835E-004
   7.6000000000000032       ,    -1.1958863754220504E-004
   7.7000000000000028       ,    -1.1600548792097355E-004
   7.8000000000000016       ,    -1.1257068169531736E-004
   7.9000000000000012       ,    -1.0927638992023357E-004
   8.0000000000000000       ,    -1.0611528502955335E-004
   8.0999999999999996       ,    -1.0308050315421311E-004
   8.1999999999999993       ,    -1.0016560968455434E-004
   8.2999999999999989       ,    -9.7364567762541705E-005
   8.3999999999999968       ,    -9.4671709423525352E-005
   8.4999999999999964       ,    -9.2081709136900976E-005
   8.5999999999999961       ,    -8.9589559521338589E-005
   8.6999999999999957       ,    -8.7190549033498295E-005
   8.7999999999999936       ,    -8.4880241449789660E-005
   8.8999999999999932       ,    -8.2654456979014049E-005
   8.9999999999999929       ,    -8.0509254860021092E-005
   9.0999999999999925       ,    -7.8440917312964332E-005
   9.1999999999999922       ,    -7.6445934725661595E-005
   9.2999999999999901       ,    -7.4520991968060466E-005
   9.3999999999999897       ,    -7.2662955738109873E-005
   9.4999999999999893       ,    -7.0868862851526285E-005
   9.5999999999999890       ,    -6.9135909396192622E-005
   9.6999999999999869       ,    -6.7461440679309338E-005
   9.7999999999999865       ,    -6.5842941902057080E-005
   9.8999999999999861       ,    -6.4278029502479409E-005
   9.9999999999999858       ,    -6.2764443112677828E-005
   10.099999999999985       ,    -6.1300038081216483E-005
   10.199999999999983       ,    -5.9882778516009058E-005
   10.299999999999983       ,    -5.8510730806886666E-005
   10.399999999999983       ,    -5.7182057590591966E-005
   10.499999999999982       ,    -5.5895012124162411E-005
   10.599999999999980       ,    -5.4647933035576345E-005
   10.699999999999980       ,    -5.3439239423162178E-005
   10.799999999999979       ,    -5.2267426277671825E-005
   10.899999999999979       ,    -5.1131060203080364E-005
   10.999999999999977       ,    -5.0028775414155177E-005
   11.099999999999977       ,    -4.8959269990621951E-005
   11.199999999999976       ,    -4.7921302369394758E-005
   11.299999999999976       ,    -4.6913688057823299E-005
   11.399999999999975       ,    -4.5935296552260999E-005
   11.499999999999973       ,    -4.4985048447509090E-005
   11.599999999999973       ,    -4.4061912723804194E-005
   11.699999999999973       ,    -4.3164904199064223E-005
   11.799999999999972       ,    -4.2293081135050436E-005
   11.899999999999970       ,    -4.1445542986961424E-005
   11.999999999999970       ,    -4.0621428286777472E-005
   12.099999999999969       ,    -3.9819912651392454E-005
   12.199999999999969       ,    -3.9040206907244639E-005
   12.299999999999969       ,    -3.8281555323764283E-005
   12.399999999999967       ,    -3.7543233948521989E-005
   12.499999999999966       ,    -3.6824549037476553E-005
   12.599999999999966       ,    -3.6124835574202414E-005
   12.699999999999966       ,    -3.5443455872407524E-005
   12.799999999999963       ,    -3.4779798256461956E-005
   12.899999999999963       ,    -3.4133275815028152E-005
   12.999999999999963       ,    -3.3503325223226910E-005
   13.099999999999962       ,    -3.2889405629090615E-005
   13.199999999999960       ,    -3.2290997600347705E-005
   13.299999999999960       ,    -3.1707602127851790E-005
   13.399999999999959       ,    -3.1138739682224487E-005
   13.499999999999959       ,    -3.0583949320503380E-005
   13.599999999999959       ,    -3.0042787839809919E-005
   13.699999999999957       ,    -2.9514828975246750E-005
   13.799999999999956       ,    -2.8999662639416006E-005
   13.899999999999956       ,    -2.8496894201125163E-005
   13.999999999999956       ,    -2.8006143801003602E-005
   14.099999999999953       ,    -2.7527045701898852E-005
   14.199999999999953       ,    -2.7059247672060516E-005
   14.299999999999953       ,    -2.6602410399245007E-005
   14.399999999999952       ,    -2.6156206933993766E-005
   14.499999999999952       ,    -2.5720322160446331E-005
   14.599999999999950       ,    -2.5294452293153070E-005
   14.699999999999950       ,    -2.4878304398446073E-005
   14.799999999999949       ,    -2.4471595939017691E-005
   14.899999999999949       ,    -2.4074054340436932E-005
   14.999999999999948       ,    -2.3685416578412307E-005
   15.099999999999950       ,    -2.3305428785680578E-005
   15.199999999999951       ,    -2.2933845877470121E-005
   15.299999999999951       ,    -2.2570431194548358E-005
   15.399999999999952       ,    -2.2214956162921312E-005
   15.499999999999954       ,    -2.1867199969311535E-005
   15.599999999999955       ,    -2.1526949251586488E-005
   15.699999999999955       ,    -2.1193997803362526E-005
   15.799999999999956       ,    -2.0868146292051099E-005
   15.899999999999958       ,    -2.0549201989658814E-005
   15.999999999999957       ,    -2.0236978515688372E-005
   16.099999999999959       ,    -1.9931295591528979E-005
   16.199999999999960       ,    -1.9631978805755911E-005
   16.299999999999962       ,    -1.9338859389792700E-005
   16.399999999999963       ,    -1.9051774003420731E-005
   16.499999999999961       ,    -1.8770564529647440E-005
   16.599999999999962       ,    -1.8495077878473396E-005
   16.699999999999964       ,    -1.8225165799122548E-005
   16.799999999999965       ,    -1.7960684700323942E-005
   16.899999999999967       ,    -1.7701495478255164E-005
   16.999999999999968       ,    -1.7447463351779523E-005
   17.099999999999969       ,    -1.7198457704627868E-005
   17.199999999999967       ,    -1.6954351934195186E-005
   17.299999999999969       ,    -1.6715023306638210E-005
   17.399999999999970       ,    -1.6480352817979654E-005
   17.499999999999972       ,    -1.6250225060936195E-005
   17.599999999999973       ,    -1.6024528097205727E-005
   17.699999999999974       ,    -1.5803153334960134E-005
   17.799999999999976       ,    -1.5585995411305188E-005
   17.899999999999974       ,    -1.5372952079479875E-005
   17.999999999999975       ,    -1.5163924100579639E-005
   18.099999999999977       ,    -1.4958815139599198E-005
   18.199999999999978       ,    -1.4757531665599561E-005
   18.299999999999979       ,    -1.4559982855815974E-005
   18.399999999999981       ,    -1.4366080503530441E-005
   18.499999999999979       ,    -1.4175738929542043E-005
   18.599999999999980       ,    -1.3988874897077007E-005
   18.699999999999982       ,    -1.3805407529987401E-005
   18.799999999999983       ,    -1.3625258234095229E-005
   18.899999999999984       ,    -1.3448350621545460E-005
   18.999999999999986       ,    -1.3274610438037667E-005
   19.099999999999987       ,    -1.3103965492813677E-005
   19.199999999999985       ,    -1.2936345591282560E-005
   19.299999999999986       ,    -1.2771682470171083E-005
   19.399999999999988       ,    -1.2609909735093161E-005
   19.499999999999989       ,    -1.2450962800436185E-005
   19.599999999999991       ,    -1.2294778831467268E-005
   19.699999999999992       ,    -1.2141296688566868E-005
   19.799999999999994       ,    -1.1990456873501837E-005
   19.899999999999991       ,    -1.1842201477653467E-005
   19.999999999999993       ,    -1.1696474132120332E-005
   20.099999999999994       ,    -1.1553219959619499E-005
   20.199999999999996       ,    -1.1412385528112529E-005
   20.299999999999997       ,    -1.1273918806087241E-005
   20.399999999999999       ,    -1.1137769119427819E-005
   20.500000000000000       ,    -1.1003887109809625E-005
   20.599999999999998       ,    -1.0872224694558746E-005
   20.699999999999999       ,    -1.0742735027917104E-005
   20.800000000000001       ,    -1.0615372463657677E-005
   20.900000000000002       ,    -1.0490092518997913E-005
   21.000000000000004       ,    -1.0366851839758725E-005
   21.100000000000005       ,    -1.0245608166721931E-005
   21.200000000000003       ,    -1.0126320303138758E-005
   21.300000000000004       ,    -1.0008948083345833E-005
   21.400000000000006       ,    -9.8934523424448951E-006
   21.500000000000007       ,    -9.7797948870068912E-006
   21.600000000000009       ,    -9.6679384667602534E-006
   21.700000000000010       ,    -9.5578467472266225E-006
   21.800000000000011       ,    -9.4494842832683051E-006
   21.900000000000009       ,    -9.3428164935128879E-006
   22.000000000000011       ,    -9.2378096356222408E-006
   22.100000000000012       ,    -9.1344307823747149E-006
   22.200000000000014       ,    -9.0326477985300407E-006
   22.300000000000015       ,    -8.9324293184483100E-006
   22.400000000000016       ,    -8.8337447244349047E-006
   22.500000000000018       ,    -8.7365641257852263E-006
   22.600000000000016       ,    -8.6408583385036822E-006
   22.700000000000017       ,    -8.5465988656719632E-006
   22.800000000000018       ,    -8.4537578784436404E-006
   22.900000000000020       ,    -8.3623081976425054E-006
   23.000000000000021       ,    -8.2722232759427358E-006
   23.100000000000023       ,    -8.1834771806103562E-006
   23.200000000000024       ,    -8.0960445767858814E-006
   23.300000000000022       ,    -8.0099007112890931E-006
   23.400000000000023       ,    -7.9250213969278031E-006
   23.500000000000025       ,    -7.8413829972922163E-006
   23.600000000000026       ,    -7.7589624120184274E-006
   23.700000000000028       ,    -7.6777370625050656E-006
   23.800000000000029       ,    -7.5976848780664570E-006
   23.900000000000027       ,    -7.5187842825078778E-006
   24.000000000000028       ,    -7.4410141811082983E-006
   24.100000000000030       ,    -7.3643539479965818E-006
   24.200000000000031       ,    -7.2887834139076816E-006
   24.300000000000033       ,    -7.2142828543059927E-006
   24.400000000000034       ,    -7.1408329778634527E-006
   24.500000000000036       ,    -7.0684149152802789E-006
   24.600000000000033       ,    -6.9970102084371747E-006
   24.700000000000035       ,    -6.9266007998674896E-006
   24.800000000000036       ,    -6.8571690225390296E-006
   24.900000000000038       ,    -6.7886975899349892E-006
   25.000000000000039       ,    -6.7211695864244013E-006
   25.100000000000041       ,    -6.6545684579122460E-006
   25.200000000000042       ,    -6.5888780027602961E-006
   25.300000000000040       ,    -6.5240823629697224E-006
   25.400000000000041       ,    -6.4601660156170699E-006
   25.500000000000043       ,    -6.3971137645352178E-006
   25.600000000000044       ,    -6.3349107322315175E-006
   25.700000000000045       ,    -6.2735423520355386E-006
   25.800000000000047       ,    -6.2129943604688475E-006
   25.900000000000048       ,    -6.1532527898300141E-006
   26.000000000000046       ,    -6.0943039609878075E-006
   26.100000000000048       ,    -6.0361344763759503E-006
   26.200000000000049       ,    -5.9787312131831731E-006
   26.300000000000050       ,    -5.9220813167325632E-006
   26.400000000000052       ,    -5.8661721940438869E-006
   26.500000000000053       ,    -5.8109915075734495E-006
   26.600000000000051       ,    -5.7565271691260347E-006
   26.700000000000053       ,    -5.7027673339333353E-006
   26.800000000000054       ,    -5.6497003948938517E-006
   26.900000000000055       ,    -5.5973149769694723E-006
   27.000000000000057       ,    -5.5455999317335159E-006
   27.100000000000058       ,    -5.4945443320660677E-006
   27.200000000000060       ,    -5.4441374669918657E-006
   27.300000000000058       ,    -5.3943688366562316E-006
   27.400000000000059       ,    -5.3452281474354705E-006
   27.500000000000060       ,    -5.2967053071769972E-006
   27.600000000000062       ,    -5.2487904205657850E-006
   27.700000000000063       ,    -5.2014737846131585E-006
   27.800000000000065       ,    -5.1547458842642497E-006
   27.900000000000066       ,    -5.1085973881207580E-006
   28.000000000000064       ,    -5.0630191442753709E-006
   28.100000000000065       ,    -5.0180021762547895E-006
   28.200000000000067       ,    -4.9735376790680183E-006
   28.300000000000068       ,    -4.9296170153568497E-006
   28.400000000000070       ,    -4.8862317116456215E-006
   28.500000000000071       ,    -4.8433734546872933E-006
   28.600000000000072       ,    -4.8010340879030751E-006
   28.700000000000070       ,    -4.7592056079129217E-006
   28.800000000000072       ,    -4.7178801611542715E-006
   28.900000000000073       ,    -4.6770500405864574E-006
   29.000000000000075       ,    -4.6367076824783760E-006
   29.100000000000076       ,    -4.5968456632770068E-006
   29.200000000000077       ,    -4.5574566965546190E-006
   29.300000000000075       ,    -4.5185336300321740E-006
   29.400000000000077       ,    -4.4800694426770169E-006
   29.500000000000078       ,    -4.4420572418726282E-006
   29.600000000000080       ,    -4.4044902606585780E-006
   29.700000000000081       ,    -4.3673618550384436E-006
   29.800000000000082       ,    -4.3306655013541148E-006
   29.900000000000084       ,    -4.2943947937243089E-006
   30.000000000000082       ,    -4.2585434415458868E-006
   30.100000000000083       ,    -4.2231052670559406E-006
   30.200000000000085       ,    -4.1880742029530730E-006
   30.300000000000086       ,    -4.1534442900763442E-006
   30.400000000000087       ,    -4.1192096751401424E-006
   30.500000000000089       ,    -4.0853646085236538E-006
   30.600000000000090       ,    -4.0519034421131870E-006
   30.700000000000088       ,    -4.0188206271961440E-006
   30.800000000000090       ,    -3.9861107124052694E-006
   30.900000000000091       ,    -3.9537683417114996E-006
   31.000000000000092       ,    -3.9217882524646201E-006
   31.100000000000094       ,    -3.8901652734798901E-006
   31.200000000000095       ,    -3.8588943231698804E-006
   31.300000000000097       ,    -3.8279704077200732E-006
   31.400000000000095       ,    -3.7973886193071174E-006
   31.500000000000096       ,    -3.7671441343586131E-006
   31.600000000000097       ,    -3.7372322118533853E-006
   31.700000000000099       ,    -3.7076481916611154E-006
   31.800000000000100       ,    -3.6783874929202617E-006
   31.900000000000102       ,    -3.6494456124534612E-006
   32.000000000000099       ,    -3.6208181232192133E-006
   32.100000000000101       ,    -3.5925006727990301E-006
   32.200000000000102       ,    -3.5644889819191511E-006
   32.300000000000104       ,    -3.5367788430057740E-006
   32.400000000000105       ,    -3.5093661187732694E-006
   32.500000000000107       ,    -3.4822467408440421E-006
   32.600000000000108       ,    -3.4554167083998085E-006
   32.700000000000109       ,    -3.4288720868629323E-006
   32.800000000000111       ,    -3.4026090066075163E-006
   32.900000000000112       ,    -3.3766236616991780E-006
   33.000000000000114       ,    -3.3509123086629750E-006
   33.100000000000108       ,    -3.3254712652786421E-006
   33.200000000000109       ,    -3.3002969094026105E-006
   33.300000000000111       ,    -3.2753856778159151E-006
   33.400000000000112       ,    -3.2507340650975971E-006
   33.500000000000114       ,    -3.2263386225227807E-006
   33.600000000000115       ,    -3.2021959569849047E-006
   33.700000000000117       ,    -3.1783027299414536E-006
   33.800000000000118       ,    -3.1546556563826693E-006
   33.900000000000119       ,    -3.1312515038226527E-006
   34.000000000000121       ,    -3.1080870913122852E-006
   34.100000000000122       ,    -3.0851592884734667E-006
   34.200000000000124       ,    -3.0624650145541080E-006
   34.300000000000125       ,    -3.0400012375034661E-006
   34.400000000000119       ,    -3.0177649730672350E-006
   34.500000000000121       ,    -2.9957532839019099E-006
   34.600000000000122       ,    -2.9739632787080791E-006
   34.700000000000124       ,    -2.9523921113820370E-006
   34.800000000000125       ,    -2.9310369801854039E-006
   34.900000000000126       ,    -2.9098951269322175E-006
   35.000000000000128       ,    -2.8889638361931670E-006
   35.100000000000129       ,    -2.8682404345165438E-006
   35.200000000000131       ,    -2.8477222896654538E-006
   35.300000000000132       ,    -2.8274068098709445E-006
   35.400000000000134       ,    -2.8072914431007260E-006
   35.500000000000135       ,    -2.7873736763430623E-006
   35.600000000000136       ,    -2.7676510349054289E-006
   35.700000000000138       ,    -2.7481210817277043E-006
   35.800000000000132       ,    -2.7287814167094934E-006
   35.900000000000134       ,    -2.7096296760512395E-006
   36.000000000000135       ,    -2.6906635316088493E-006
   36.100000000000136       ,    -2.6718806902614785E-006
   36.200000000000138       ,    -2.6532788932922205E-006
   36.300000000000139       ,    -2.6348559157813305E-006
   36.400000000000141       ,    -2.6166095660118066E-006
   36.500000000000142       ,    -2.5985376848868766E-006
   36.600000000000144       ,    -2.5806381453593780E-006
   36.700000000000145       ,    -2.5629088518724012E-006
   36.800000000000146       ,    -2.5453477398113789E-006
   36.900000000000148       ,    -2.5279527749668896E-006
   37.000000000000149       ,    -2.5107219530083698E-006
   37.100000000000144       ,    -2.4936532989681702E-006
   37.200000000000145       ,    -2.4767448667358843E-006
   37.300000000000146       ,    -2.4599947385627169E-006
   37.400000000000148       ,    -2.4434010245755187E-006
   37.500000000000149       ,    -2.4269618623005325E-006
   37.600000000000151       ,    -2.4106754161963726E-006
   37.700000000000152       ,    -2.3945398771962214E-006
   37.800000000000153       ,    -2.3785534622588828E-006
   37.900000000000155       ,    -2.3627144139286619E-006
   38.000000000000156       ,    -2.3470209999037767E-006
   38.100000000000158       ,    -2.3314715126130910E-006
   38.200000000000159       ,    -2.3160642688010481E-006
   38.300000000000161       ,    -2.3007976091206435E-006
   38.400000000000162       ,    -2.2856698977341755E-006
   38.500000000000156       ,    -2.2706795219216818E-006
   38.600000000000158       ,    -2.2558248916968424E-006
   38.700000000000159       ,    -2.2411044394302505E-006
   38.800000000000161       ,    -2.2265166194798332E-006
   38.900000000000162       ,    -2.2120599078282634E-006
   39.000000000000163       ,    -2.1977328017273121E-006
   39.100000000000165       ,    -2.1835338193488436E-006
   39.200000000000166       ,    -2.1694614994424116E-006
   39.300000000000168       ,    -2.1555144009993427E-006
   39.400000000000169       ,    -2.1416911029230600E-006
   39.500000000000171       ,    -2.1279902037055640E-006
   39.600000000000172       ,    -2.1144103211100386E-006
   39.700000000000173       ,    -2.1009500918592630E-006
   39.800000000000168       ,    -2.0876081713298772E-006
   39.900000000000169       ,    -2.0743832332522719E-006
   40.000000000000171       ,    -2.0612739694160664E-006
   40.100000000000172       ,    -2.0482790893809829E-006
   40.200000000000173       ,    -2.0353973201930274E-006
   40.300000000000175       ,    -2.0226274061059278E-006
   40.400000000000176       ,    -2.0099681083076303E-006
   40.500000000000178       ,    -1.9974182046517852E-006
   40.600000000000179       ,    -1.9849764893941598E-006
   40.700000000000180       ,    -1.9726417729338114E-006
   40.800000000000182       ,    -1.9604128815589413E-006
   40.900000000000183       ,    -1.9482886571973874E-006
   41.000000000000185       ,    -1.9362679571716005E-006
   41.100000000000186       ,    -1.9243496539579836E-006
   41.200000000000180       ,    -1.9125326349506567E-006
   41.300000000000182       ,    -1.9008158022293187E-006
   41.400000000000183       ,    -1.8891980723313835E-006
   41.500000000000185       ,    -1.8776783760280986E-006
   41.600000000000186       ,    -1.8662556581046815E-006
   41.700000000000188       ,    -1.8549288771443576E-006
   41.800000000000189       ,    -1.8436970053161888E-006
   41.900000000000190       ,    -1.8325590281666796E-006
   42.000000000000192       ,    -1.8215139444150769E-006
   42.100000000000193       ,    -1.8105607657522175E-006
   42.200000000000195       ,    -1.7996985166429217E-006
   42.300000000000196       ,    -1.7889262341318657E-006
   42.400000000000198       ,    -1.7782429676528387E-006
   42.500000000000192       ,    -1.7676477788412927E-006
   42.600000000000193       ,    -1.7571397413501790E-006
   42.700000000000195       ,    -1.7467179406689710E-006
   42.800000000000196       ,    -1.7363814739458347E-006
   42.900000000000198       ,    -1.7261294498128146E-006
   43.000000000000199       ,    -1.7159609882141112E-006
   43.100000000000200       ,    -1.7058752202372289E-006
   43.200000000000202       ,    -1.6958712879470850E-006
   43.300000000000203       ,    -1.6859483442229103E-006
   43.400000000000205       ,    -1.6761055525979531E-006
   43.500000000000206       ,    -1.6663420871019232E-006
   43.600000000000207       ,    -1.6566571321060863E-006
   43.700000000000209       ,    -1.6470498821710011E-006
   43.800000000000210       ,    -1.6375195418968485E-006
   43.900000000000205       ,    -1.6280653257762407E-006
   44.000000000000206       ,    -1.6186864580495557E-006
   44.100000000000207       ,    -1.6093821725626773E-006
   44.200000000000209       ,    -1.6001517126271410E-006
   44.300000000000210       ,    -1.5909943308825821E-006
   44.400000000000212       ,    -1.5819092891615338E-006
   44.500000000000213       ,    -1.5728958583564031E-006
   44.600000000000215       ,    -1.5639533182887559E-006
   44.700000000000216       ,    -1.5550809575806881E-006
   44.800000000000217       ,    -1.5462780735283407E-006
   44.900000000000219       ,    -1.5375439719775368E-006
   45.000000000000220       ,    -1.5288779672014555E-006
   45.100000000000222       ,    -1.5202793817802625E-006
   45.200000000000216       ,    -1.5117475464828244E-006
   45.300000000000217       ,    -1.5032818001502365E-006
   45.400000000000219       ,    -1.4948814895813570E-006
   45.500000000000220       ,    -1.4865459694201329E-006
   45.600000000000222       ,    -1.4782746020448043E-006
   45.700000000000223       ,    -1.4700667574588915E-006
   45.800000000000225       ,    -1.4619218131839194E-006
   45.900000000000226       ,    -1.4538391541539486E-006
   46.000000000000227       ,    -1.4458181726117317E-006
   46.100000000000229       ,    -1.4378582680065639E-006
   46.200000000000230       ,    -1.4299588468938015E-006
   46.300000000000232       ,    -1.4221193228359623E-006
   46.400000000000233       ,    -1.4143391163054146E-006
   46.500000000000234       ,    -1.4066176545886075E-006
   46.600000000000229       ,    -1.3989543716918625E-006
   46.700000000000230       ,    -1.3913487082486139E-006
   46.800000000000232       ,    -1.3838001114281553E-006
   46.900000000000233       ,    -1.3763080348458198E-006
   47.000000000000234       ,    -1.3688719384745743E-006
   47.100000000000236       ,    -1.3614912885580109E-006
   47.200000000000237       ,    -1.3541655575246984E-006
   47.300000000000239       ,    -1.3468942239039001E-006
   47.400000000000240       ,    -1.3396767722425827E-006
   47.500000000000242       ,    -1.3325126930237480E-006
   47.600000000000243       ,    -1.3254014825860218E-006
   47.700000000000244       ,    -1.3183426430444889E-006
   47.800000000000246       ,    -1.3113356822127877E-006
   47.900000000000240       ,    -1.3043801135263841E-006
   48.000000000000242       ,    -1.2974754559670318E-006
   48.100000000000243       ,    -1.2906212339884225E-006
   48.200000000000244       ,    -1.2838169774429658E-006
   48.300000000000246       ,    -1.2770622215096806E-006
   48.400000000000247       ,    -1.2703565066232457E-006
   48.500000000000249       ,    -1.2636993784040338E-006
   48.600000000000250       ,    -1.2570903875893742E-006
   48.700000000000252       ,    -1.2505290899656759E-006
   48.800000000000253       ,    -1.2440150463017407E-006
   48.900000000000254       ,    -1.2375478222830185E-006
   49.000000000000256       ,    -1.2311269884468512E-006
   49.100000000000257       ,    -1.2247521201187170E-006
   49.200000000000259       ,    -1.2184227973494501E-006
   49.300000000000253       ,    -1.2121386048533741E-006
   49.400000000000254       ,    -1.2058991319473963E-006
   49.500000000000256       ,    -1.1997039724909819E-006
   49.600000000000257       ,    -1.1935527248270821E-006
   49.700000000000259       ,    -1.1874449917238785E-006
   49.800000000000260       ,    -1.1813803803174423E-006
   49.900000000000261       ,    -1.1753585020552467E-006
   50.000000000000263       ,    -1.1693789726404837E-006
   50.100000000000264       ,    -1.1634414119772572E-006
   50.200000000000266       ,    -1.1575454441165450E-006
   50.300000000000267       ,    -1.1516906972029715E-006
   50.400000000000269       ,    -1.1458768034223909E-006
   50.500000000000270       ,    -1.1401033989501962E-006
   50.600000000000264       ,    -1.1343701239004363E-006
   50.700000000000266       ,    -1.1286766222756334E-006
   50.800000000000267       ,    -1.1230225419173657E-006
   50.900000000000269       ,    -1.1174075344575734E-006
   51.000000000000270       ,    -1.1118312552705441E-006
   51.100000000000271       ,    -1.1062933634256403E-006
   51.200000000000273       ,    -1.1007935216406633E-006
   51.300000000000274       ,    -1.0953313962359530E-006
   51.400000000000276       ,    -1.0899066570890829E-006
   51.500000000000277       ,    -1.0845189775902747E-006
   51.600000000000279       ,    -1.0791680345984174E-006
   51.700000000000280       ,    -1.0738535083977251E-006
   51.800000000000281       ,    -1.0685750826550128E-006
   51.900000000000283       ,    -1.0633324443776141E-006
   52.000000000000277       ,    -1.0581252838718608E-006
   52.100000000000279       ,    -1.0529532947021690E-006
   52.200000000000280       ,    -1.0478161736507410E-006
   52.300000000000281       ,    -1.0427136206777749E-006
   52.400000000000283       ,    -1.0376453388823097E-006
   52.500000000000284       ,    -1.0326110344635702E-006
   52.600000000000286       ,    -1.0276104166828862E-006
   52.700000000000287       ,    -1.0226431978261492E-006
   52.800000000000288       ,    -1.0177090931667857E-006
   52.900000000000290       ,    -1.0128078209292661E-006
   53.000000000000291       ,    -1.0079391022531107E-006
   53.100000000000293       ,    -1.0031026611574158E-006
   53.200000000000294       ,    -9.9829822450585755E-007
   53.300000000000288       ,    -9.9352552197220518E-007
   53.400000000000290       ,    -9.8878428600629634E-007
   53.500000000000291       ,    -9.8407425180051063E-007
   53.600000000000293       ,    -9.7939515725666306E-007
   53.700000000000294       ,    -9.7474674295342167E-007
   53.800000000000296       ,    -9.7012875211410692E-007
   53.900000000000297       ,    -9.6554093057499427E-007
   54.000000000000298       ,    -9.6098302675401289E-007
   54.100000000000300       ,    -9.5645479161990009E-007
   54.200000000000301       ,    -9.5195597866176358E-007
   54.300000000000303       ,    -9.4748634385907844E-007
   54.400000000000304       ,    -9.4304564565205824E-007
   54.500000000000306       ,    -9.3863364491249787E-007
   54.600000000000307       ,    -9.3425010491493412E-007
   54.700000000000301       ,    -9.2989479130825926E-007
   54.800000000000303       ,    -9.2556747208769283E-007
   54.900000000000304       ,    -9.2126791756714251E-007
   55.000000000000306       ,    -9.1699590035192707E-007
   55.100000000000307       ,    -9.1275119531189051E-007
   55.200000000000308       ,    -9.0853357955486355E-007
   55.300000000000310       ,    -9.0434283240047221E-007
   55.400000000000311       ,    -9.0017873535432343E-007
   55.500000000000313       ,    -8.9604107208252430E-007
   55.600000000000314       ,    -8.9192962838654179E-007
   55.700000000000315       ,    -8.8784419217839605E-007
   55.800000000000317       ,    -8.8378455345619404E-007
   55.900000000000318       ,    -8.7975050427997949E-007
   56.000000000000313       ,    -8.7574183874792372E-007
   56.100000000000314       ,    -8.7175835297279264E-007
   56.200000000000315       ,    -8.6779984505877746E-007
   56.300000000000317       ,    -8.6386611507858550E-007
   56.400000000000318       ,    -8.5995696505086759E-007
   56.500000000000320       ,    -8.5607219891792102E-007
   56.600000000000321       ,    -8.5221162252369780E-007
   56.700000000000323       ,    -8.4837504359210239E-007
   56.800000000000324       ,    -8.4456227170556581E-007
   56.900000000000325       ,    -8.4077311828389745E-007
   57.000000000000327       ,    -8.3700739656344084E-007
   57.100000000000328       ,    -8.3326492157646494E-007
   57.200000000000330       ,    -8.2954551013084995E-007
   57.300000000000331       ,    -8.2584898079002118E-007
   57.400000000000325       ,    -8.2217515385315426E-007
   57.500000000000327       ,    -8.1852385133563627E-007
   57.600000000000328       ,    -8.1489489694976982E-007
   57.700000000000330       ,    -8.1128811608573969E-007
   57.800000000000331       ,    -8.0770333579281282E-007
   57.900000000000333       ,    -8.0414038476079400E-007
   58.000000000000334       ,    -8.0059909330170562E-007
   58.100000000000335       ,    -7.9707929333170987E-007
   58.200000000000337       ,    -7.9358081835326059E-007
   58.300000000000338       ,    -7.9010350343749460E-007
   58.400000000000340       ,    -7.8664718520682043E-007
   58.500000000000341       ,    -7.8321170181776474E-007
   58.600000000000342       ,    -7.7979689294400137E-007
   58.700000000000337       ,    -7.7640259975962793E-007
   58.800000000000338       ,    -7.7302866492262985E-007
   58.900000000000340       ,    -7.6967493255857453E-007
   59.000000000000341       ,    -7.6634124824448070E-007
   59.100000000000342       ,    -7.6302745899293756E-007
   59.200000000000344       ,    -7.5973341323637575E-007
   59.300000000000345       ,    -7.5645896081157919E-007
   59.400000000000347       ,    -7.5320395294434717E-007
   59.500000000000348       ,    -7.4996824223439034E-007
   59.600000000000350       ,    -7.4675168264039052E-007
   59.700000000000344       ,    -7.4355412946525678E-007
   59.800000000000338       ,    -7.4037543934155904E-007
   59.900000000000333       ,    -7.3721547021715173E-007
   60.000000000000327       ,    -7.3407408134096696E-007
   60.100000000000321       ,    -7.3095113324898846E-007
   60.200000000000315       ,    -7.2784648775041149E-007
   60.300000000000310       ,    -7.2476000791394200E-007
   60.400000000000304       ,    -7.2169155805429670E-007
   60.500000000000298       ,    -7.1864100371886412E-007
   60.600000000000293       ,    -7.1560821167450685E-007
   60.700000000000287       ,    -7.1259304989455716E-007
   60.800000000000281       ,    -7.0959538754595482E-007
   60.900000000000276       ,    -7.0661509497653852E-007
   61.000000000000270       ,    -7.0365204370250851E-007
   61.100000000000264       ,    -7.0070610639603273E-007
   61.200000000000259       ,    -6.9777715687300229E-007
   61.300000000000253       ,    -6.9486507008093562E-007
   61.400000000000247       ,    -6.9196972208704171E-007
   61.500000000000242       ,    -6.8909099006641525E-007
   61.600000000000236       ,    -6.8622875229037507E-007
   61.700000000000230       ,    -6.8338288811496065E-007
   61.800000000000225       ,    -6.8055327796953225E-007
   61.900000000000219       ,    -6.7773980334555350E-007
   62.000000000000213       ,    -6.7494234678547543E-007
   62.100000000000207       ,    -6.7216079187176320E-007
   62.200000000000202       ,    -6.6939502321606376E-007
   62.300000000000196       ,    -6.6664492644848872E-007
   62.400000000000190       ,    -6.6391038820703920E-007
   62.500000000000185       ,    -6.6119129612714610E-007
   62.600000000000179       ,    -6.5848753883134169E-007
   62.700000000000173       ,    -6.5579900591904867E-007
   62.800000000000168       ,    -6.5312558795650137E-007
   62.900000000000162       ,    -6.5046717646676979E-007
   63.000000000000156       ,    -6.4782366391991932E-007
   63.100000000000151       ,    -6.4519494372327546E-007
   63.200000000000145       ,    -6.4258091021180577E-007
   63.300000000000139       ,    -6.3998145863861952E-007
   63.400000000000134       ,    -6.3739648516557555E-007
   63.500000000000128       ,    -6.3482588685400353E-007
   63.600000000000122       ,    -6.3226956165552153E-007
   63.700000000000117       ,    -6.2972740840298777E-007
   63.800000000000111       ,    -6.2719932680153033E-007
   63.900000000000105       ,    -6.2468521741969612E-007
   64.000000000000099       ,    -6.2218498168070775E-007
   64.100000000000094       ,    -6.1969852185380435E-007
   64.200000000000088       ,    -6.1722574104569942E-007
   64.300000000000082       ,    -6.1476654319213608E-007
   64.400000000000077       ,    -6.1232083304952805E-007
   64.500000000000071       ,    -6.0988851618671669E-007
   64.600000000000065       ,    -6.0746949897679903E-007
   64.700000000000060       ,    -6.0506368858907958E-007
   64.800000000000054       ,    -6.0267099298108892E-007
   64.900000000000048       ,    -6.0029132089070645E-007
   65.000000000000043       ,    -5.9792458182837360E-007
   65.100000000000037       ,    -5.9557068606939299E-007
   65.200000000000031       ,    -5.9322954464631664E-007
   65.300000000000026       ,    -5.9090106934142510E-007
   65.400000000000020       ,    -5.8858517267928746E-007
   65.500000000000014       ,    -5.8628176791940846E-007
   65.600000000000009       ,    -5.8399076904895852E-007
   65.700000000000003       ,    -5.8171209077558646E-007
   65.799999999999997       ,    -5.7944564852031710E-007
   65.899999999999991       ,    -5.7719135841052675E-007
   65.999999999999986       ,    -5.7494913727299431E-007
   66.099999999999980       ,    -5.7271890262703901E-007
   66.199999999999974       ,    -5.7050057267772910E-007
   66.299999999999969       ,    -5.6829406630917041E-007
   66.399999999999963       ,    -5.6609930307786655E-007
   66.499999999999957       ,    -5.6391620320616393E-007
   66.599999999999952       ,    -5.6174468757575768E-007
   66.699999999999946       ,    -5.5958467772127832E-007
   66.799999999999940       ,    -5.5743609582393850E-007
   66.899999999999935       ,    -5.5529886470527712E-007
   66.999999999999929       ,    -5.5317290782094288E-007
   67.099999999999923       ,    -5.5105814925456021E-007
   67.199999999999918       ,    -5.4895451371167413E-007
   67.299999999999912       ,    -5.4686192651374143E-007
   67.399999999999906       ,    -5.4478031359220055E-007
   67.499999999999901       ,    -5.4270960148260581E-007
   67.599999999999895       ,    -5.4064971731883325E-007
   67.699999999999889       ,    -5.3860058882733364E-007
   67.799999999999883       ,    -5.3656214432145936E-007
   67.899999999999878       ,    -5.3453431269586031E-007
   67.999999999999872       ,    -5.3251702342092689E-007
   68.099999999999866       ,    -5.3051020653730234E-007
   68.199999999999861       ,    -5.2851379265046122E-007
   68.299999999999855       ,    -5.2652771292532558E-007
   68.399999999999849       ,    -5.2455189908097034E-007
   68.499999999999844       ,    -5.2258628338535805E-007
   68.599999999999838       ,    -5.2063079865015121E-007
   68.699999999999832       ,    -5.1868537822557304E-007
   68.799999999999827       ,    -5.1674995599531709E-007
   68.899999999999821       ,    -5.1482446637153062E-007
   68.999999999999815       ,    -5.1290884428983487E-007
   69.099999999999810       ,    -5.1100302520440040E-007
   69.199999999999804       ,    -5.0910694508309575E-007
   69.299999999999798       ,    -5.0722054040265772E-007
   69.399999999999793       ,    -5.0534374814394133E-007
   69.499999999999787       ,    -5.0347650578720249E-007
   69.599999999999781       ,    -5.0161875130743964E-007
   69.699999999999775       ,    -4.9977042316978292E-007
   69.799999999999770       ,    -4.9793146032493805E-007
   69.899999999999764       ,    -4.9610180220466759E-007
   69.999999999999758       ,    -4.9428138871733601E-007
   70.099999999999753       ,    -4.9247016024348218E-007
   70.199999999999747       ,    -4.9066805763146241E-007
   70.299999999999741       ,    -4.8887502219312183E-007
   70.399999999999736       ,    -4.8709099569951603E-007
   70.499999999999730       ,    -4.8531592037668771E-007
   70.599999999999724       ,    -4.8354973890146965E-007
   70.699999999999719       ,    -4.8179239439735388E-007
   70.799999999999713       ,    -4.8004383043038361E-007
   70.899999999999707       ,    -4.7830399100510879E-007
   70.999999999999702       ,    -4.7657282056056513E-007
   71.099999999999696       ,    -4.7485026396630466E-007
   71.199999999999690       ,    -4.7313626651847445E-007
   71.299999999999685       ,    -4.7143077393592342E-007
   71.399999999999679       ,    -4.6973373235635586E-007
   71.499999999999673       ,    -4.6804508833253204E-007
   71.599999999999667       ,    -4.6636478882849352E-007
   71.699999999999662       ,    -4.6469278121584056E-007
   71.799999999999656       ,    -4.6302901327004438E-007
   71.899999999999650       ,    -4.6137343316679558E-007
   71.999999999999645       ,    -4.5972598947839548E-007
   72.099999999999639       ,    -4.5808663117017559E-007
   72.199999999999633       ,    -4.5645530759696984E-007
   72.299999999999628       ,    -4.5483196849960401E-007
   72.399999999999622       ,    -4.5321656400143917E-007
   72.499999999999616       ,    -4.5160904460493603E-007
   72.599999999999611       ,    -4.5000936118827007E-007
   72.699999999999605       ,    -4.4841746500196602E-007
   72.799999999999599       ,    -4.4683330766557378E-007
   72.899999999999594       ,    -4.4525684116438758E-007
   72.999999999999588       ,    -4.4368801784617710E-007
   73.099999999999582       ,    -4.4212679041797815E-007
   73.199999999999577       ,    -4.4057311194288906E-007
   73.299999999999571       ,    -4.3902693583692846E-007
   73.399999999999565       ,    -4.3748821586589612E-007
   73.499999999999559       ,    -4.3595690614228962E-007
   73.599999999999554       ,    -4.3443296112224263E-007
   73.699999999999548       ,    -4.3291633560248308E-007
   73.799999999999542       ,    -4.3140698471735124E-007
   73.899999999999537       ,    -4.2990486393581155E-007
   73.999999999999531       ,    -4.2840992905853142E-007
   74.099999999999525       ,    -4.2692213621495503E-007
   74.199999999999520       ,    -4.2544144186043482E-007
   74.299999999999514       ,    -4.2396780277337536E-007
   74.399999999999508       ,    -4.2250117605241033E-007
   74.499999999999503       ,    -4.2104151911360990E-007
   74.599999999999497       ,    -4.1958878968771379E-007
   74.699999999999491       ,    -4.1814294581739542E-007
   74.799999999999486       ,    -4.1670394585454415E-007
   74.899999999999480       ,    -4.1527174845759105E-007
   74.999999999999474       ,    -4.1384631258884029E-007
   75.099999999999469       ,    -4.1242759751185138E-007
   75.199999999999463       ,    -4.1101556278882297E-007
   75.299999999999457       ,    -4.0961016827802210E-007
   75.399999999999437       ,    -4.0821137413122889E-007
   75.499999999999432       ,    -4.0681914079120722E-007
   75.599999999999426       ,    -4.0543342898920340E-007
   75.699999999999420       ,    -4.0405419974247034E-007
   75.799999999999415       ,    -4.0268141435181026E-007
   75.899999999999409       ,    -4.0131503439915118E-007
   75.999999999999403       ,    -3.9995502174513264E-007
   76.099999999999397       ,    -3.9860133852673752E-007
   76.199999999999392       ,    -3.9725394715492011E-007
   76.299999999999386       ,    -3.9591281031228064E-007
   76.399999999999380       ,    -3.9457789095074901E-007
   76.499999999999375       ,    -3.9324915228929748E-007
   76.599999999999369       ,    -3.9192655781167011E-007
   76.699999999999363       ,    -3.9061007126414174E-007
   76.799999999999358       ,    -3.8929965665329581E-007
   76.899999999999352       ,    -3.8799527824381637E-007
   76.999999999999346       ,    -3.8669690055631607E-007
   77.099999999999341       ,    -3.8540448836517271E-007
   77.199999999999335       ,    -3.8411800669639163E-007
   77.299999999999329       ,    -3.8283742082549101E-007
   77.399999999999324       ,    -3.8156269627540564E-007
   77.499999999999318       ,    -3.8029379881440379E-007
   77.599999999999312       ,    -3.7903069445404127E-007
   77.699999999999307       ,    -3.7777334944711756E-007
   77.799999999999301       ,    -3.7652173028566055E-007
   77.899999999999295       ,    -3.7527580369893017E-007
   77.999999999999289       ,    -3.7403553665144101E-007
   78.099999999999284       ,    -3.7280089634100067E-007
   78.199999999999278       ,    -3.7157185019677049E-007
   78.299999999999272       ,    -3.7034836587734246E-007
   78.399999999999267       ,    -3.6913041126883903E-007
   78.499999999999261       ,    -3.6791795448302199E-007
   78.599999999999255       ,    -3.6671096385543142E-007
   78.699999999999250       ,    -3.6550940794353267E-007
   78.799999999999244       ,    -3.6431325552488240E-007
   78.899999999999238       ,    -3.6312247559531849E-007
   78.999999999999233       ,    -3.6193703736715911E-007
   79.099999999999227       ,    -3.6075691026742495E-007
   79.199999999999221       ,    -3.5958206393607222E-007
   79.299999999999216       ,    -3.5841246822424890E-007
   79.399999999999210       ,    -3.5724809319256242E-007
   79.499999999999204       ,    -3.5608890910936844E-007
   79.599999999999199       ,    -3.5493488644906749E-007
   79.699999999999193       ,    -3.5378599589042901E-007
   79.799999999999187       ,    -3.5264220831492084E-007
   79.899999999999181       ,    -3.5150349480505957E-007
   79.999999999999176       ,    -3.5036982664277951E-007
